Begin:1973	Time: 29	1
-1.00000	
-1.00000	-1.00000	-1.00000	-1.00000	-1.00000	-1.00000	-1.00000	-1.00000	-1.00000	-1.00000	
-1.00000	-1.00000	-1.00000	-1.00000	-1.00000	-1.00000	-1.00000	-1.00000	-1.00000	-1.00000	
-1.00000	-1.00000	-1.00000	-1.00000	-1.00000	-1.00000	-1.00000	-1.00000	-1.00000	-1.00000	
-1.00000	-1.00000	-1.00000	-1.00000	-1.00000	-1.00000	-1.00000	-1.00000	-1.00000	-1.00000	
-1.00000	-1.00000	-1.00000	-1.00000	-1.00000	-1.00000	-1.00000	-1.00000	-1.00000	-1.00000	
-1.00000	-1.00000	-1.00000	-1.00000	-1.00000	-1.00000	-1.00000	-1.00000	-1.00000	-1.00000	
-1.00000	-1.00000	-1.00000	-1.00000	-1.00000	-1.00000	4.25919	1.75781	1.76224	1.75934	
1.75766	1.75964	1.75720	1.76147	1.76071	1.75903	1.76254	1.75949	1.76392	1.76331	
1.76163	1.76376	1.76102	1.76544	1.76392	1.76315	1.76804	1.76483	1.76941	1.76743	
1.76743	1.76895	1.76544	1.77063	1.76849	1.76880	1.77185	1.76849	1.77292	1.77078	
1.77170	1.77185	1.76910	1.77414	1.77185	1.77368	1.77399	1.77170	1.77811	1.77444	
1.77444	1.77536	1.77475	1.77551	1.77490	1.77750	1.77750	1.77643	1.77795	1.77719	
1.77872	1.77765	1.77673	1.77994	1.77765	1.77917	1.77887	


Begin:2002	Time: 30	1
1.79138	
1.78986	1.78986	1.79077	1.79016	1.79108	1.78955	1.78986	1.79077	1.79047	1.79092	
1.78940	1.79031	1.79108	1.79016	1.79031	1.78970	1.79031	1.79031	1.79031	1.79031	
1.79077	1.79031	1.79062	1.79001	1.79184	1.78940	1.78940	1.79184	1.79001	1.79214	
1.78940	1.78940	1.79138	1.79001	1.79199	1.78940	1.78940	1.79153	1.78970	1.79245	
1.78955	1.79001	1.79169	1.79016	1.79276	1.78909	1.79001	1.79108	1.78986	1.79291	
1.78925	1.78970	1.79092	1.79001	1.79276	1.78894	1.79047	1.79031	1.79062	1.79123	
1.79077	1.79016	1.79001	1.79123	1.79092	1.79047	1.79016	1.79016	1.79001	1.78940	
1.78894	1.78879	1.78802	1.78986	1.78925	1.78894	1.78864	1.78833	1.78955	1.78986	
1.78894	1.78894	1.78925	1.78879	1.78909	1.78848	1.78955	1.78909	1.78894	1.79031	
1.78864	1.78986	1.78665	1.79047	1.78925	1.78787	1.78955	1.78680	1.79062	1.78909	
1.78818	1.78970	1.78635	1.79062	1.78925	1.78894	1.78940	1.78665	1.79077	1.78879	
1.78909	1.78879	1.78665	1.79062	1.78848	1.78940	1.78879	1.78726	1.79092	1.78864	
1.78940	1.78879	1.78711	1.79031	1.78894	1.78986	1.78833	


Begin:2032	Time: 30	1
1.78833	
1.79092	1.78864	1.79123	1.78741	1.78894	1.79077	1.78802	1.79138	1.78772	1.78879	
1.79016	1.78864	1.79153	1.78726	1.78955	1.79016	1.78894	1.79108	1.78757	1.78940	
1.78925	1.78894	1.79123	1.78741	1.78955	1.78925	1.78894	1.79153	1.78741	1.78940	
1.78894	1.78894	1.78925	1.78940	1.78818	1.78848	1.78879	1.78986	1.78802	1.78909	
1.78864	1.78864	1.79001	1.78787	1.78970	1.78833	1.78833	1.78894	1.78848	1.78894	
1.78802	1.78955	1.78833	1.78848	1.78879	1.78848	1.78864	1.78909	1.78848	1.78848	
1.78818	1.78986	1.78879	1.78818	1.78848	1.78680	1.78925	1.78879	1.78787	1.78925	
1.78635	1.79001	1.78909	1.78818	1.78879	1.78665	1.79001	1.78879	1.78833	1.78833	
1.78635	1.79016	1.78848	1.78864	1.78864	1.78711	1.79001	1.78848	1.78879	1.78818	
1.78650	1.79031	1.78848	1.78925	1.78879	1.78680	1.79047	1.78833	1.78940	1.78833	
1.78696	1.79153	1.78894	1.78879	1.78925	1.78894	1.78909	1.78818	1.78986	1.78894	
1.78726	1.78833	1.78757	1.78741	1.78802	1.78696	1.78833	1.78711	1.78726	1.78818	
1.78787	1.78787	1.78787	1.78741	1.78787	1.78726	1.78818	


Begin:2062	Time: 30	1
1.79031	
1.79016	1.78864	1.79077	1.78986	1.79031	1.79016	1.78757	1.79184	1.78955	1.79047	
1.79016	1.78772	1.79184	1.78925	1.79108	1.78986	1.78772	1.79199	1.78894	1.79184	
1.78940	1.78848	1.79214	1.78970	1.79169	1.78970	1.78894	1.79245	1.78879	1.79291	
1.78986	1.78909	1.79245	1.78955	1.79245	1.78925	1.78970	1.79199	1.78909	1.79306	
1.79031	1.78925	1.79184	1.78970	1.79138	1.79092	1.79016	1.79123	1.79031	1.79123	
1.78955	1.79031	1.79077	1.79047	1.79108	1.78986	1.79047	1.79047	1.79016	1.79138	
1.79108	1.79245	1.79184	1.79184	1.79199	1.79153	1.79184	1.79230	1.79153	1.79398	
1.79001	1.79291	1.79092	1.79230	1.79352	1.79016	1.79260	1.79123	1.79245	1.79398	
1.79062	1.79291	1.79047	1.79260	1.79321	1.79047	1.79260	1.79016	1.79306	1.79306	
1.79031	1.79276	1.78986	1.79306	1.79260	1.79047	1.79245	1.78986	1.79291	1.79199	
1.79108	1.79276	1.78955	1.79321	1.79214	1.79138	1.79214	1.78955	1.79321	1.79214	
1.79016	1.79153	1.79016	1.79214	1.79230	1.79108	1.79230	1.79123	1.79276	1.79337	
1.79291	1.79291	1.79260	1.79276	1.79306	1.79276	1.79337	


Begin:2092	Time: 22	1
1.79779	
1.79718	1.79764	1.79749	1.79779	1.79672	1.79733	1.79779	1.79703	1.79703	1.79779	
1.79733	1.79749	1.79718	1.79733	1.79779	1.80038	1.79779	1.79901	1.79810	1.79962	
1.79993	1.79794	1.79932	1.79810	1.79932	1.80038	1.79749	1.79947	1.79779	1.79901	
1.80038	1.79733	1.79916	1.79733	1.79947	1.79962	1.79657	1.79947	1.79688	1.79916	
1.79947	1.79718	1.79886	1.79672	1.80130	1.80115	1.79947	1.80084	1.79825	1.80099	
1.79962	1.80084	1.79947	1.79947	1.79962	1.80038	1.79962	1.79977	1.79947	1.79932	
1.80084	1.79947	1.80008	1.79932	1.79947	1.80069	1.79962	1.79962	1.80038	1.80069	
1.79932	1.79977	1.79993	1.79977	1.79962	1.80069	1.79916	1.80038	1.79947	1.80023	
1.79977	1.79962	1.80008	1.79840	1.80084	1.79962	1.79993	1.79993	1.79810	1.80176	
1.79916	1.80038	1.79825	1.79688	1.80023	1.79764	1.79947	1.79825	1.79718	1.80054	
1.79764	1.80008	1.79749	1.79779	1.80038	1.79733	1.80084	1.79764	1.79779	1.80038	
1.79779	1.80069	1.79764	1.79840	1.80008	1.79764	1.80115	1.79810	1.79825	1.79947	
1.79810	1.80069	1.79840	1.79794	1.79764	1.79886	1.79962	


Begin:2114	Time: 27	1
1.71921	
1.71967	1.72211	1.71951	1.72211	1.71921	1.71738	1.71402	1.71326	1.71585	1.71204	
1.71295	1.71402	1.71295	1.71539	1.71249	1.70853	1.70700	1.70837	1.70914	1.70685	
1.70776	1.70746	1.70715	1.70990	1.70731	1.70105	1.70013	1.70074	1.70212	1.70029	
1.70074	1.70059	1.70120	1.70105	1.69861	1.69388	1.69357	1.69357	1.69403	1.69418	
1.69373	1.69373	1.69373	1.69373	1.68945	1.68823	1.68655	1.68884	1.68930	1.68701	
1.68854	1.68655	1.68884	1.68961	1.67801	1.68060	1.67740	1.68015	1.68121	1.67786	
1.68030	1.67755	1.68060	1.68076	1.67236	1.67511	1.67175	1.67557	1.67450	1.67328	
1.67480	1.67175	1.67603	1.67114	1.66733	1.66916	1.66550	1.67023	1.66824	1.66779	
1.66901	1.66595	1.67023	1.66214	1.66107	1.66214	1.66031	1.66275	1.66260	1.66092	
1.66260	1.66046	1.66092	1.65451	1.65497	1.65558	1.65314	1.65573	1.65482	1.65512	
1.65497	1.65482	1.65314	1.65009	1.64886	1.64978	1.64932	1.64978	1.64932	1.64963	
1.64978	1.64963	1.64459	1.64398	1.64551	1.64276	1.64291	1.64490	1.64352	1.64536	
1.64291	1.64307	1.63834	1.63635	1.63849	1.63574	1.63574	


Begin:2141	Time: 31	1
1.37390	
1.37390	1.37207	1.37436	1.36810	1.36932	1.36871	1.36826	1.36963	1.36841	1.36917	
1.36887	1.36856	1.36963	1.36200	1.36215	1.36246	1.36230	1.36185	1.36200	1.36185	
1.36230	1.36169	1.35925	1.35574	1.35666	1.35422	1.35757	1.35666	1.35590	1.35666	
1.35422	1.35727	1.35147	1.34964	1.35086	1.34842	1.35193	1.35071	1.35056	1.35071	
1.34888	1.35193	1.34430	1.34384	1.34415	1.34140	1.34506	1.34415	1.34354	1.34384	
1.34171	1.34399	1.33835	1.33804	1.33835	1.33591	1.34003	1.33820	1.33881	1.33789	
1.33636	1.33591	1.33377	1.33255	1.33331	1.33148	1.33438	1.33255	1.33286	1.33377	
1.33118	1.32690	1.32523	1.32584	1.32645	1.32507	1.32629	1.32538	1.32645	1.32553	
1.32507	1.32034	1.32080	1.32004	1.32080	1.32004	1.32095	1.32034	1.32156	1.31943	
1.31744	1.31729	1.31592	1.31805	1.31439	1.31577	1.31729	1.31592	1.31882	1.31470	
1.30966	1.31012	1.30936	1.31104	1.30737	1.30966	1.30981	1.30905	1.31149	1.30692	
1.30463	1.30386	1.30341	1.30585	1.30188	1.30463	1.30325	1.30386	1.30539	1.29761	
1.29745	1.29562	1.29684	1.29791	1.29486	1.29745	1.29547	


Begin:2172	Time: 21	1
1.02280	
1.02158	1.02280	1.02188	1.02173	1.02203	1.02158	1.02310	1.02219	1.02066	1.02097	
1.02051	1.02142	1.02066	1.02020	1.02036	1.02081	1.02158	1.01929	1.01974	1.01883	
1.01929	1.02097	1.01791	1.02036	1.01791	1.01959	1.02158	1.01746	1.02081	1.01776	
1.01990	1.02066	1.01730	1.02020	1.01776	1.02005	1.02066	1.01761	1.01990	1.01685	
1.02020	1.02005	1.01791	1.02005	1.01715	1.02005	1.01959	1.01685	1.01852	1.01501	
1.01913	1.01791	1.01608	1.01944	1.01669	1.01730	1.01822	1.01700	1.01807	1.01639	
1.01761	1.01791	1.01761	1.01776	1.01715	1.01776	1.01807	1.01898	1.01669	1.01746	
1.01807	1.01776	1.01822	1.01700	1.01776	1.01776	1.01807	1.01791	1.01776	1.01776	
1.01791	1.01807	1.01822	1.01776	1.01624	1.01822	1.01685	1.01929	1.01669	1.01669	
1.01913	1.01730	1.01959	1.01654	1.01685	1.01883	1.01776	1.01959	1.01624	1.01685	
1.01883	1.01685	1.01974	1.01654	1.01776	1.01990	1.01929	1.02112	1.01746	1.01898	
1.01990	1.01913	1.02188	1.01746	1.01944	1.01959	1.01913	1.02142	1.01776	1.01944	
1.01959	1.01898	1.02188	1.01746	1.02142	1.01929	1.01944	


Begin:2193	Time: 28	1
1.02463	
1.02249	1.02417	1.02142	1.02478	1.02448	1.02203	1.02493	1.02142	1.02478	1.02417	
1.02249	1.02448	1.02127	1.02509	1.02356	1.02249	1.02432	1.02097	1.02524	1.02341	
1.02234	1.02402	1.02112	1.02478	1.02371	1.02264	1.02386	1.02112	1.02478	1.02341	
1.02295	1.02341	1.02295	1.02249	1.02402	1.02264	1.02325	1.02295	1.02280	1.02356	
1.02295	1.02280	1.02295	1.02356	1.02402	1.02295	1.02310	1.02371	1.02341	1.02295	
1.02386	1.02264	1.02310	1.02417	1.02402	1.02234	1.02371	1.02341	1.02341	1.02371	
1.02295	1.02341	1.02356	1.02325	1.02341	1.02402	1.02264	1.02234	1.02432	1.02295	
1.02478	1.02234	1.02310	1.02417	1.02295	1.02539	1.02219	1.02325	1.02402	1.02310	
1.02539	1.02188	1.02341	1.02386	1.02295	1.02539	1.02188	1.02341	1.02402	1.02264	
1.02554	1.02173	1.02386	1.02386	1.02356	1.02524	1.02142	1.02417	1.02295	1.02356	
1.02524	1.02112	1.02478	1.02264	1.02386	1.02386	1.02325	1.02386	1.02341	1.02448	
1.02310	1.02325	1.02448	1.02264	1.02402	1.02325	1.02386	1.02402	1.02310	1.02371	
1.02325	1.02371	1.02417	1.02341	1.02402	1.02325	1.02371	


Begin:2221	Time: 42	1
1.02432	
1.02783	1.02676	1.02554	1.02707	1.02402	1.02676	1.02737	1.02493	1.02692	1.02554	
1.02615	1.02661	1.02615	1.02585	1.02539	1.02585	1.02615	1.02615	1.02600	1.02600	
1.02600	1.02631	1.02646	1.02524	1.02615	1.02631	1.02661	1.02631	1.02646	1.02615	
1.02676	1.02646	1.02646	1.02631	1.02600	1.02661	1.02615	1.02676	1.02631	1.02524	
1.02737	1.02600	1.02737	1.02386	1.02386	1.02631	1.02432	1.02646	1.02386	1.02417	
1.02600	1.02417	1.02707	1.02417	1.02432	1.02631	1.02448	1.02692	1.02402	1.02432	
1.02570	1.02448	1.02707	1.02371	1.02448	1.02570	1.02478	1.02737	1.02371	1.02493	
1.02524	1.02539	1.02524	1.02554	1.02509	1.02417	1.02570	1.02554	1.02509	1.02463	
1.02509	1.02539	1.02570	1.02493	1.02478	1.02493	1.02463	1.02524	1.02539	1.02448	
1.02478	1.02509	1.02417	1.02341	1.02356	1.02386	1.02341	1.02417	1.02356	1.02310	
1.02417	1.02325	1.02539	1.02264	1.02402	1.02173	1.02432	1.02478	1.02173	1.02448	
1.02142	1.02432	1.02463	1.02219	1.02463	1.02097	1.02509	1.02417	1.02280	1.02432	
1.02097	1.02509	1.02417	1.02295	1.02432	1.02112	1.02478	


Begin:2263	Time: 29	1
1.03333	
1.02905	1.03043	1.03043	1.03012	1.03333	1.02859	1.03073	1.03027	1.03043	1.03317	
1.02875	1.03165	1.02966	1.03073	1.03333	1.02859	1.03149	1.02921	1.03104	1.03287	
1.02829	1.03149	1.02905	1.03119	1.03241	1.02890	1.03119	1.03027	1.02936	1.03149	
1.03043	1.03088	1.02890	1.03180	1.03088	1.02997	1.03104	1.02890	1.03195	1.03073	
1.03012	1.03027	1.02982	1.03165	1.03043	1.03043	1.03058	1.03149	1.03027	1.03088	
1.03073	1.03027	1.03088	1.03043	1.03088	1.03104	1.02997	1.03073	1.03058	1.03134	
1.03027	1.03073	1.02829	1.03180	1.03073	1.03043	1.03073	1.02875	1.03241	1.03043	
1.03073	1.03073	1.02814	1.03241	1.03012	1.03104	1.03073	1.02814	1.03210	1.03043	
1.03149	1.03012	1.02875	1.03256	1.03012	1.03165	1.02997	1.02859	1.03226	1.02997	
1.03134	1.02829	1.02783	1.03119	1.02875	1.03043	1.02844	1.02844	1.02966	1.02905	
1.02844	1.02951	1.02890	1.02997	1.02829	1.03073	1.02829	1.02875	1.02951	1.02890	
1.03027	1.02814	1.02936	1.02936	1.02921	1.02875	1.02859	1.02890	1.02905	1.02921	
1.02936	1.02905	1.02921	1.02875	1.02951	1.02982	1.02814	


Begin:2292	Time: 30	1
1.03012	
1.03165	1.02982	1.02997	1.03058	1.03088	1.03104	1.02997	1.02890	1.03241	1.02997	
1.03058	1.03058	1.02859	1.03195	1.02997	1.03104	1.03027	1.02859	1.03195	1.02997	
1.03088	1.03012	1.02844	1.03165	1.03012	1.03088	1.02997	1.02859	1.03226	1.02966	
1.03149	1.02982	1.02859	1.03241	1.02982	1.03134	1.03012	1.02936	1.03104	1.02997	
1.03104	1.02997	1.02966	1.03104	1.03012	1.03149	1.02951	1.02982	1.03119	1.03043	
1.03210	1.02982	1.02997	1.03073	1.02997	1.03195	1.02921	1.03104	1.03027	1.02982	
1.03027	1.03058	1.03058	1.03073	1.02982	1.03104	1.03027	1.02997	1.03058	1.03043	
1.03256	1.02875	1.03027	1.03088	1.03027	1.03302	1.02844	1.03058	1.03027	1.03043	
1.03256	1.02829	1.03119	1.02982	1.03104	1.03241	1.02829	1.03104	1.02997	1.03088	
1.03241	1.02844	1.03088	1.02936	1.03165	1.03180	1.02890	1.03088	1.02966	1.03088	
1.03165	1.02875	1.03043	1.02905	1.03165	1.03104	1.02875	1.03073	1.02951	1.03119	
1.03119	1.03043	1.03088	1.03104	1.03180	1.02982	1.03043	1.03104	1.03043	1.03149	
1.03027	1.03058	1.03058	1.03058	1.03119	1.03043	1.03104	


Begin:2322	Time: 30	1
1.03317	
1.03302	1.03333	1.03348	1.03302	1.03363	1.03333	1.03241	1.03378	1.03256	1.03333	
1.03302	1.03119	1.03439	1.03256	1.03317	1.03256	1.03088	1.03470	1.03271	1.03378	
1.03271	1.03119	1.03470	1.03271	1.03409	1.03256	1.03165	1.03470	1.03256	1.03470	
1.03241	1.03165	1.03470	1.03241	1.03485	1.03180	1.03180	1.03500	1.03210	1.03531	
1.03119	1.03104	1.03561	1.03104	1.03165	1.03287	1.03149	1.03302	1.03195	1.03241	
1.03226	1.03134	1.03256	1.03195	1.03195	1.03226	1.03149	1.03271	1.03226	1.03180	
1.03180	1.03134	1.03287	1.03165	1.03180	1.03195	1.03210	1.03226	1.03180	1.03241	
1.03210	1.03256	1.03226	1.03241	1.03348	1.03043	1.03271	1.03165	1.03165	1.03256	
1.02921	1.03149	1.03043	1.03119	1.03256	1.02890	1.03165	1.02982	1.03134	1.03195	
1.02921	1.03149	1.02921	1.03134	1.03165	1.02921	1.03149	1.02905	1.03149	1.03134	
1.02905	1.03165	1.02829	1.03210	1.03088	1.02890	1.03180	1.02798	1.03210	1.03088	
1.02936	1.03104	1.02951	1.03027	1.03027	1.02997	1.03119	1.02951	1.03058	1.03088	
1.02997	1.03088	1.02997	1.03058	1.03027	1.03104	1.02982	


Begin:2352	Time: 29	1
1.02890	
1.02798	1.02951	1.02966	1.02890	1.02890	1.02905	1.02890	1.02966	1.02859	1.02936	
1.02936	1.02905	1.02966	1.02890	1.02875	1.02829	1.02966	1.02951	1.02859	1.02966	
1.02615	1.03088	1.02951	1.02798	1.02982	1.02631	1.03104	1.02936	1.02905	1.02936	
1.02676	1.03058	1.02890	1.02921	1.02905	1.02676	1.03073	1.02829	1.02951	1.02859	
1.02676	1.03104	1.02844	1.02951	1.02844	1.02692	1.03058	1.02829	1.02997	1.02844	
1.02722	1.03058	1.02859	1.02905	1.02951	1.02783	1.02921	1.02905	1.02966	1.02798	
1.02875	1.02859	1.02921	1.02966	1.02814	1.02844	1.02890	1.02936	1.02966	1.02844	
1.02966	1.02890	1.02875	1.02844	1.02875	1.02890	1.02921	1.02875	1.02875	1.02936	
1.02814	1.02966	1.02814	1.03119	1.02737	1.02875	1.02982	1.02814	1.03180	1.02707	
1.02905	1.02951	1.02844	1.03149	1.02707	1.02921	1.02890	1.02859	1.03119	1.02722	
1.03012	1.02859	1.02890	1.03134	1.02692	1.02905	1.02859	1.02921	1.03241	1.02875	
1.03119	1.02936	1.03104	1.03210	1.02859	1.03073	1.02936	1.03088	1.03210	1.02859	
1.03119	1.02890	1.03073	1.03149	1.03027	1.03043	1.03058	


Begin:2381	Time: 26	1
1.03271	
1.03394	1.03302	1.03210	1.03455	1.03134	1.03424	1.03210	1.03287	1.03394	1.03149	
1.03363	1.03287	1.03302	1.03378	1.03134	1.03424	1.03287	1.03302	1.03333	1.03333	
1.03333	1.03317	1.03317	1.03348	1.03287	1.03348	1.03165	1.03394	1.03226	1.03348	
1.03256	1.03119	1.03424	1.03333	1.03271	1.03302	1.03073	1.03455	1.03317	1.03271	
1.03317	1.03073	1.03424	1.03317	1.03317	1.03348	1.03119	1.03500	1.03302	1.03333	
1.03287	1.03073	1.03485	1.03302	1.03378	1.03287	1.03104	1.03516	1.03226	1.03424	
1.03271	1.03119	1.03699	1.03256	1.03317	1.03439	1.03226	1.03455	1.03271	1.03394	
1.03394	1.03210	1.03485	1.03317	1.03363	1.03363	1.03241	1.03485	1.03287	1.03348	
1.03333	1.03302	1.03424	1.03317	1.03256	1.03394	1.03333	1.03348	1.03348	1.03317	
1.03333	1.03378	1.03317	1.03409	1.03485	1.03241	1.03363	1.03317	1.03394	1.03531	
1.03195	1.03424	1.03333	1.03363	1.03531	1.03210	1.03409	1.03302	1.03363	1.03531	
1.03119	1.03256	1.03119	1.03256	1.03363	1.03088	1.03241	1.03104	1.03241	1.03348	
1.03058	1.03226	1.03027	1.03256	1.03287	1.03027	1.03226	


Begin:2407	Time: 24	1
1.03043	
1.03073	1.03027	1.03073	1.03088	1.03027	1.03134	1.03027	1.03058	1.02921	1.02905	
1.02905	1.02890	1.03012	1.02859	1.02859	1.02966	1.02951	1.03012	1.02875	1.02768	
1.03104	1.02890	1.03027	1.02890	1.02722	1.03088	1.02859	1.03027	1.02859	1.02783	
1.03104	1.02859	1.03073	1.02859	1.02783	1.03088	1.02890	1.03195	1.02982	1.02936	
1.03256	1.02997	1.03210	1.02997	1.02951	1.03149	1.02921	1.03119	1.02814	1.02722	
1.02951	1.02875	1.02997	1.02844	1.02844	1.02936	1.02859	1.03088	1.02829	1.02844	
1.02905	1.02844	1.03104	1.02814	1.02936	1.02844	1.02921	1.02875	1.02859	1.02875	
1.02859	1.02905	1.02859	1.02921	1.02844	1.02829	1.02921	1.02951	1.02875	1.02844	
1.02798	1.02951	1.03058	1.02737	1.02936	1.02768	1.02997	1.03088	1.02722	1.02936	
1.02737	1.02936	1.03043	1.02722	1.02966	1.02692	1.02982	1.03027	1.02692	1.02966	
1.02707	1.02966	1.02966	1.02707	1.02997	1.02646	1.03058	1.02982	1.02737	1.02951	
1.02646	1.03012	1.02905	1.02768	1.02951	1.02661	1.03058	1.02859	1.02890	1.02951	
1.02951	1.02905	1.02859	1.02921	1.02982	1.02692	1.03012	


Begin:2431	Time: 22	1
1.00372	
1.00403	1.00357	1.00098	1.00372	1.00327	1.00281	1.00296	1.00174	1.00327	1.00296	
1.00204	1.00128	0.99991	1.00281	1.00098	1.00082	1.00143	1.00143	1.00143	1.00128	
1.00143	1.00174	1.00128	1.00143	1.00113	1.00189	1.00021	1.00113	1.00159	1.00143	
1.00296	1.00006	1.00098	1.00220	1.00098	1.00342	1.00006	1.00143	1.00204	1.00067	
1.00357	0.99991	1.00113	1.00159	1.00098	1.00357	1.00021	1.00143	1.00174	1.00098	
1.00342	0.99960	1.00128	1.00143	1.00113	1.00327	0.99976	1.00189	1.00098	1.00098	
1.00388	0.99915	1.00174	1.00220	0.99899	1.00220	1.00006	1.00082	1.00113	1.00067	
1.00250	0.99976	1.00204	1.00082	1.00037	1.00174	1.00006	1.00174	1.00067	1.00037	
1.00250	0.99991	1.00082	1.00098	1.00098	1.00082	1.00052	1.00113	1.00311	1.00479	
1.00342	1.00327	1.00372	1.00143	1.00449	1.00388	1.00296	1.00418	1.00189	1.00510	
1.00388	1.00342	1.00418	1.00159	1.00525	1.00357	1.00342	1.00449	1.00266	1.00632	
1.00479	1.00525	1.00479	1.00311	1.00632	1.00479	1.00571	1.00739	1.00601	1.00952	
1.00769	1.00906	1.00754	1.00601	1.00967	1.00800	1.00906	


Begin:2453	Time: 28	1
1.03012	
1.02859	1.02829	1.02997	1.02859	1.03119	1.02783	1.02798	1.03134	1.02859	1.03119	
1.02783	1.02798	1.03134	1.02798	1.03149	1.02753	1.02859	1.03043	1.02829	1.03134	
1.02753	1.02875	1.03058	1.02844	1.03149	1.02768	1.02859	1.03195	1.03027	1.03271	
1.02936	1.03043	1.03149	1.02936	1.03287	1.02859	1.03073	1.03088	1.03012	1.03210	
1.02966	1.03012	1.03104	1.02982	1.03256	1.02966	1.03027	1.03073	1.02982	1.03165	
1.03012	1.03027	1.03073	1.02966	1.03043	1.03027	1.03027	1.03088	1.02982	1.03073	
1.03027	1.03027	1.02982	1.03043	1.03088	1.02966	1.03027	1.02951	1.03058	1.03165	
1.02890	1.03119	1.02890	1.03104	1.03180	1.02905	1.03073	1.02875	1.03149	1.03149	
1.02905	1.03058	1.02890	1.03134	1.03088	1.02921	1.03058	1.02814	1.03104	1.03104	
1.02936	1.03043	1.02844	1.03149	1.03088	1.02966	1.03073	1.02844	1.03180	1.03073	
1.02997	1.03027	1.02982	1.02966	1.03149	1.03073	1.03134	1.02890	1.03226	1.03073	
1.03058	1.03088	1.02951	1.03104	1.03043	1.03058	1.03119	1.02951	1.03119	1.03058	
1.03012	1.03088	1.03027	1.03058	1.03088	1.03119	1.02997	


Begin:2481	Time: 22	1
1.03058	
1.02737	1.02997	1.02768	1.02997	1.03012	1.02753	1.03027	1.02707	1.03073	1.02982	
1.02737	1.02921	1.02798	1.02921	1.02921	1.02844	1.02890	1.02814	1.02921	1.02921	
1.02875	1.02921	1.02829	1.02921	1.02890	1.02951	1.02844	1.02890	1.02966	1.02905	
1.02905	1.02921	1.02936	1.02875	1.02844	1.02936	1.02905	1.02905	1.02936	1.02890	
1.02890	1.02905	1.02829	1.02966	1.02829	1.02905	1.02951	1.02737	1.02997	1.02829	
1.02982	1.02829	1.02722	1.03073	1.02798	1.02936	1.02875	1.02737	1.03073	1.02829	
1.03012	1.02921	1.02768	1.03088	1.02844	1.03043	1.02875	1.02783	1.03088	1.02798	
1.03073	1.02875	1.02814	1.03073	1.02829	1.03119	1.02829	1.02814	1.03226	1.02844	
1.02997	1.02982	1.02859	1.03027	1.02859	1.03073	1.02905	1.02859	1.02966	1.02921	
1.02982	1.02936	1.02875	1.02921	1.02921	1.02966	1.02921	1.02905	1.02921	1.02951	
1.02982	1.02921	1.02905	1.02936	1.02905	1.02966	1.02936	1.02982	1.02905	1.02936	
1.03104	1.02737	1.02997	1.02829	1.02966	1.03119	1.02768	1.03058	1.02753	1.02966	
1.03073	1.02753	1.03088	1.02875	1.03180	1.03180	1.02890	


Begin:2503	Time: 29	1
1.02966	
1.03043	1.02875	1.03149	1.03073	1.02921	1.03088	1.02798	1.03149	1.03043	1.02951	
1.03134	1.02768	1.03195	1.03088	1.02966	1.03134	1.02798	1.03210	1.03043	1.02997	
1.03088	1.02783	1.03210	1.02982	1.03073	1.03012	1.02768	1.03210	1.02966	1.03134	
1.03027	1.02783	1.03195	1.02997	1.03119	1.03119	1.03012	1.03088	1.03043	1.03134	
1.03043	1.02966	1.03165	1.03027	1.03119	1.03073	1.02966	1.03165	1.03012	1.03119	
1.03058	1.02997	1.03119	1.03043	1.03165	1.03058	1.03119	1.03088	1.03043	1.03119	
1.02982	1.03088	1.03073	1.03088	1.03287	1.02890	1.02921	1.03073	1.02859	1.03134	
1.02768	1.02890	1.03043	1.02844	1.03165	1.02753	1.02890	1.02997	1.02890	1.03149	
1.02722	1.02951	1.02997	1.02875	1.03180	1.02722	1.03012	1.02966	1.02859	1.03165	
1.02707	1.02997	1.02921	1.02859	1.03195	1.02707	1.03027	1.02905	1.02890	1.03165	
1.02737	1.02951	1.02921	1.02905	1.02859	1.02737	1.02921	1.02707	1.02615	1.02966	
1.02600	1.02829	1.02753	1.02692	1.02875	1.02692	1.02844	1.02768	1.02676	1.02875	
1.02615	1.02768	1.02768	1.02676	1.02768	1.02722	1.02783	


Begin:2532	Time: 29	1
1.03104	
1.03073	1.03165	1.02966	1.02905	1.03195	1.03058	1.03165	1.03027	1.02905	1.03226	
1.03058	1.03226	1.03012	1.02936	1.03271	1.03012	1.03210	1.02936	1.02951	1.03256	
1.02982	1.03256	1.02921	1.03027	1.03210	1.02997	1.03302	1.02875	1.03058	1.03210	
1.03012	1.03287	1.02890	1.03043	1.03027	1.02997	1.03226	1.02921	1.03119	1.03027	
1.03012	1.03226	1.02890	1.03134	1.03027	1.02982	1.03287	1.02890	1.03119	1.02982	
1.03058	1.03119	1.02966	1.03104	1.02951	1.03119	1.03043	1.02966	1.03058	1.02997	
1.03073	1.03058	1.03012	1.03088	1.02982	1.03104	1.03058	1.02966	1.03027	1.02890	
1.03104	1.03119	1.02936	1.03088	1.02829	1.03149	1.03134	1.02875	1.03088	1.02859	
1.03134	1.03073	1.02890	1.03027	1.02829	1.03119	1.03119	1.02890	1.03058	1.02829	
1.03149	1.03088	1.02982	1.03104	1.02844	1.03165	1.03058	1.02951	1.03043	1.02829	
1.03180	1.03043	1.02966	1.03043	1.02829	1.03226	1.03073	1.03027	1.03073	1.03119	
1.03043	1.03058	1.03119	1.03058	1.02936	1.03165	1.03073	1.03027	1.03073	1.02921	
1.03195	1.02997	1.03027	1.03104	1.03058	1.03073	1.03134	


Begin:2561	Time: 22	1
1.03317	
1.03333	1.03271	1.03363	1.03317	1.03470	1.03165	1.03333	1.03363	1.03317	1.03439	
1.03195	1.03271	1.03363	1.03271	1.03333	1.03287	1.03287	1.03302	1.03271	1.03317	
1.03348	1.03348	1.03271	1.03378	1.03409	1.03271	1.03302	1.03271	1.03363	1.03531	
1.03119	1.03378	1.03287	1.03333	1.03546	1.03149	1.03394	1.03271	1.03363	1.03531	
1.03134	1.03394	1.03241	1.03394	1.03546	1.03104	1.03424	1.03210	1.03409	1.03455	
1.03134	1.03378	1.03165	1.03394	1.03455	1.03149	1.03424	1.03149	1.03424	1.03409	
1.03119	1.03302	1.03256	1.03409	1.03333	1.03271	1.03363	1.03210	1.03470	1.03317	
1.03333	1.03302	1.03210	1.03378	1.03317	1.03394	1.03287	1.03256	1.03394	1.03333	
1.03317	1.03333	1.03378	1.03302	1.03333	1.03378	1.03317	1.03333	1.03333	1.03394	
1.03363	1.03317	1.03104	1.03500	1.03348	1.03394	1.03302	1.03134	1.03500	1.03302	
1.03409	1.03271	1.03149	1.03485	1.03287	1.03424	1.03271	1.03165	1.03531	1.03271	
1.03500	1.03165	1.03241	1.03500	1.03256	1.03500	1.03210	1.03226	1.03546	1.03241	
1.03516	1.03226	1.03287	1.03455	1.03241	1.03500	1.03149	


Begin:2583	Time: 29	1
1.03165	
1.03439	1.03256	1.03439	1.03287	1.03119	1.03424	1.03256	1.03470	1.03363	1.03333	
1.03607	1.03394	1.03607	1.03394	1.03333	1.03592	1.03424	1.03668	1.03394	1.03363	
1.03592	1.03409	1.03653	1.03317	1.03424	1.03592	1.03455	1.03683	1.03363	1.03424	
1.03607	1.03439	1.03683	1.03333	1.03455	1.03668	1.03409	1.03561	1.03531	1.03439	
1.03516	1.03516	1.03546	1.03531	1.03439	1.03500	1.03653	1.03622	1.03714	1.03607	
1.03607	1.03653	1.03653	1.03622	1.03592	1.03653	1.03653	1.03607	1.03653	1.03577	
1.03638	1.03607	1.03668	1.03592	1.03653	1.03607	1.03668	1.03790	1.03455	1.03729	
1.03561	1.03653	1.03760	1.03455	1.03714	1.03531	1.03638	1.03745	1.03500	1.03714	
1.03470	1.03683	1.03729	1.03470	1.03729	1.03455	1.03668	1.03714	1.03455	1.03683	
1.03394	1.03699	1.03638	1.03485	1.03668	1.03409	1.03729	1.03653	1.03531	1.03699	
1.03348	1.03745	1.03592	1.03592	1.03638	1.03546	1.03577	1.03577	1.03577	1.03607	
1.03561	1.03561	1.03622	1.03592	1.03638	1.03592	1.03607	1.03607	1.03683	1.03561	
1.03531	1.03607	1.03607	1.03561	1.03561	1.03622	1.03622	


Begin:2612	Time: 21	1
1.03775	
1.03653	1.03806	1.03836	1.03683	1.03775	1.03546	1.03668	1.03668	1.03561	1.03607	
1.03546	1.03668	1.03607	1.03607	1.03622	1.03622	1.03607	1.03653	1.03561	1.03622	
1.03607	1.03577	1.03683	1.03561	1.03668	1.03378	1.03729	1.03653	1.03470	1.03745	
1.03378	1.03760	1.03683	1.03485	1.03683	1.03378	1.03775	1.03638	1.03516	1.03668	
1.03363	1.03775	1.03622	1.03577	1.03653	1.03348	1.03775	1.03592	1.03607	1.03577	
1.03333	1.03745	1.03577	1.03607	1.03561	1.03363	1.03790	1.03531	1.03577	1.03745	
1.03439	1.03653	1.03561	1.03668	1.03531	1.03516	1.03607	1.03592	1.03714	1.03470	
1.03592	1.03668	1.03561	1.03714	1.03470	1.03622	1.03577	1.03561	1.03699	1.03592	
1.03592	1.03622	1.03592	1.03546	1.03561	1.03653	1.03531	1.03592	1.03622	1.03561	
1.03531	1.03607	1.03592	1.03790	1.03439	1.03607	1.03683	1.03546	1.03851	1.03394	
1.03668	1.03592	1.03561	1.03882	1.03363	1.03699	1.03561	1.03638	1.03775	1.03394	
1.03683	1.03531	1.03607	1.03745	1.03424	1.03668	1.03577	1.03638	1.03745	1.03424	
1.03714	1.03516	1.03653	1.03714	1.03409	1.03699	1.03470	


Begin:2633	Time: 29	1
1.03531	
1.03455	1.03821	1.03516	1.03836	1.03516	1.03531	1.03851	1.03516	1.03775	1.03531	
1.03500	1.03790	1.03546	1.03821	1.03470	1.03592	1.03745	1.03546	1.03851	1.03485	
1.03592	1.03714	1.03561	1.03821	1.03424	1.03653	1.03653	1.03546	1.03867	1.03439	
1.03638	1.03607	1.03470	1.03821	1.03485	1.03638	1.03592	1.03561	1.03745	1.03500	
1.03577	1.03592	1.03592	1.03729	1.03485	1.03592	1.03577	1.03561	1.03668	1.03500	
1.03577	1.03653	1.03546	1.03592	1.03592	1.03577	1.03592	1.03577	1.03546	1.03607	
1.03577	1.03455	1.03638	1.03653	1.03424	1.03638	1.03363	1.03683	1.03699	1.03378	
1.03668	1.03348	1.03714	1.03653	1.03439	1.03653	1.03317	1.03668	1.03592	1.03455	
1.03653	1.03317	1.03775	1.03592	1.03500	1.03668	1.03302	1.03714	1.03561	1.03485	
1.03607	1.03424	1.03867	1.03668	1.03699	1.03790	1.03485	1.03882	1.03699	1.03745	
1.03729	1.03470	1.04019	1.03775	1.03714	1.03775	1.03622	1.03897	1.03683	1.03836	
1.03806	1.03668	1.03806	1.03729	1.03836	1.03760	1.03668	1.03806	1.03775	1.03790	
1.03729	1.03806	1.03790	1.03775	1.03714	1.03745	1.03745	


Begin:2662	Time: 28	1
1.03455	
1.03485	1.03394	1.03424	1.03470	1.03500	1.03531	1.03409	1.03439	1.03439	1.03439	
1.03561	1.03302	1.03516	1.03485	1.03424	1.03455	1.03439	1.03470	1.03455	1.03439	
1.03470	1.03485	1.03424	1.03470	1.03424	1.03546	1.03378	1.03378	1.03607	1.03333	
1.03699	1.03287	1.03394	1.03546	1.03394	1.03699	1.03287	1.03394	1.03577	1.03317	
1.03760	1.03271	1.03363	1.03409	1.03256	1.03607	1.03149	1.03363	1.03363	1.03256	
1.03653	1.03104	1.03531	1.03470	1.03424	1.03775	1.03241	1.03592	1.03485	1.03317	
1.03622	1.03378	1.03485	1.03409	1.03546	1.03561	1.03409	1.03516	1.03394	1.03561	
1.03470	1.03271	1.03378	1.03302	1.03333	1.03271	1.03287	1.03363	1.03149	1.03424	
1.03333	1.03302	1.03409	1.03394	1.03333	1.03348	1.03378	1.03348	1.03271	1.03348	
1.03439	1.03241	1.03424	1.03134	1.03455	1.03363	1.03271	1.03363	1.03119	1.03455	
1.03378	1.03256	1.03378	1.03073	1.03470	1.03348	1.03287	1.03394	1.03088	1.03531	
1.03333	1.03302	1.03409	1.03073	1.03485	1.03317	1.03378	1.03333	1.03104	1.03470	
1.03348	1.03333	1.03348	1.03058	1.03485	1.03256	1.03317	


Begin:2690	Time: 23	1
1.02936	
1.03256	1.02936	1.02997	1.03149	1.02921	1.03271	1.02905	1.02982	1.03149	1.02966	
1.03302	1.02859	1.03058	1.03073	1.02997	1.03271	1.02875	1.03088	1.03104	1.02982	
1.03180	1.03088	1.03058	1.02997	1.03149	1.03119	1.02997	1.03073	1.03043	1.03088	
1.03088	1.03058	1.03073	1.02997	1.03088	1.03088	1.03027	1.03088	1.03058	1.03027	
1.03073	1.03073	1.03043	1.03073	1.03043	1.03104	1.02997	1.03058	1.03043	1.03058	
1.03210	1.02951	1.03165	1.02859	1.03088	1.03226	1.02859	1.03180	1.02859	1.03195	
1.03210	1.02905	1.03134	1.02814	1.03180	1.03134	1.02905	1.03134	1.02798	1.03027	
1.02997	1.02814	1.02997	1.02631	1.03088	1.02905	1.02798	1.02966	1.02661	1.03088	
1.02875	1.02844	1.02936	1.02661	1.03134	1.02859	1.02936	1.02905	1.02783	1.02905	
1.02844	1.02966	1.02814	1.02859	1.02905	1.02890	1.02951	1.02829	1.02859	1.02875	
1.02951	1.02905	1.02844	1.02890	1.02859	1.02905	1.02798	1.02890	1.02875	1.02905	
1.02890	1.02814	1.02905	1.02768	1.02951	1.02844	1.02936	1.02875	1.02783	1.03012	
1.02875	1.03043	1.02798	1.02768	1.03058	1.02829	1.03058	


Begin:2713	Time: 29	1
1.11694	
1.11481	1.11603	1.11588	1.11557	1.11816	1.11465	1.11725	1.12305	1.12350	1.12518	
1.12091	1.12274	1.12381	1.12274	1.12473	1.12137	1.12823	1.13052	1.13007	1.13159	
1.12839	1.12976	1.13007	1.12976	1.13220	1.12839	1.13663	1.13693	1.13708	1.13846	
1.13541	1.13724	1.13663	1.13708	1.13892	1.13602	1.14456	1.14380	1.14349	1.14410	
1.14365	1.14349	1.14319	1.14349	1.14517	1.14624	1.14944	1.14883	1.14929	1.15005	
1.14838	1.14975	1.14868	1.14838	1.14944	1.15555	1.15540	1.15585	1.15585	1.15585	
1.15616	1.15616	1.15555	1.15662	1.15631	1.16226	1.16318	1.16043	1.16440	1.16364	
1.16165	1.16379	1.16058	1.16425	1.16608	1.16714	1.16913	1.16531	1.17050	1.16837	
1.16760	1.16928	1.16531	1.17035	1.17325	1.17310	1.17462	1.17065	1.17569	1.17416	
1.17325	1.17477	1.17126	1.17615	1.18073	1.18118	1.18134	1.17813	1.18286	1.18042	
1.18164	1.18103	1.17828	1.18469	1.18790	1.18866	1.18820	1.18698	1.18774	1.19019	
1.18805	1.18835	1.18759	1.19370	1.19385	1.19385	1.19370	1.19339	1.19492	1.19370	
1.19461	1.19461	1.19354	1.20026	1.19949	1.20010	1.19965	


Begin:2742	Time: 29	1
1.50848	
1.50864	1.50848	1.50848	1.50925	1.50894	1.50879	1.50940	1.50848	1.51505	1.51642	
1.51596	1.51642	1.51550	1.51627	1.51596	1.51581	1.51627	1.51566	1.52283	1.52313	
1.52344	1.52115	1.52313	1.52283	1.52298	1.52283	1.52084	1.52496	1.52985	1.53030	
1.52939	1.52725	1.53152	1.52908	1.53015	1.52924	1.52832	1.53793	1.53809	1.53946	
1.53748	1.53656	1.53976	1.53778	1.54022	1.53717	1.53671	1.54663	1.54449	1.54724	
1.54434	1.54465	1.54678	1.54465	1.54633	1.54541	1.54633	1.55243	1.55334	1.55289	
1.55273	1.55228	1.55350	1.55273	1.55273	1.55228	1.55533	1.55975	1.55975	1.55945	
1.55991	1.55914	1.55991	1.55945	1.55884	1.55930	1.56631	1.56662	1.56677	1.56647	
1.56616	1.56631	1.56647	1.56586	1.56799	1.56570	1.57379	1.57333	1.57394	1.57532	
1.57196	1.57410	1.57288	1.57349	1.57562	1.57410	1.57990	1.57761	1.57944	1.58081	
1.57745	1.57974	1.57791	1.57959	1.58112	1.58249	1.58722	1.58432	1.58661	1.58707	
1.58386	1.58676	1.58371	1.58722	1.58722	1.59103	1.59378	1.59042	1.59409	1.59363	
1.59088	1.59424	1.59027	1.59363	1.59561	1.59821	1.60080	


Begin:2771	Time: 22	1
1.80115	
1.80374	1.80176	1.80359	1.80435	1.80084	1.80405	1.80099	1.80374	1.80420	1.80099	
1.80344	1.80084	1.80405	1.80389	1.80145	1.80374	1.80344	1.80252	1.80420	1.80191	
1.80405	1.80191	1.80344	1.80313	1.80283	1.80344	1.80191	1.80389	1.80313	1.80313	
1.80313	1.80115	1.80420	1.80313	1.80344	1.80450	1.80450	1.80420	1.80496	1.80450	
1.80450	1.80481	1.80420	1.80435	1.80649	1.80542	1.80405	1.80725	1.80573	1.80634	
1.80603	1.80359	1.80771	1.80573	1.80664	1.80588	1.80359	1.80771	1.80496	1.80679	
1.80573	1.80405	1.80740	1.80496	1.80695	1.80527	1.80450	1.80771	1.80496	1.80740	
1.80496	1.80511	1.80740	1.80496	1.80740	1.80466	1.80542	1.80573	1.80618	1.80649	
1.80496	1.80588	1.80573	1.80695	1.80847	1.80588	1.80710	1.80664	1.80679	1.80893	
1.80573	1.80771	1.80634	1.80710	1.80878	1.80603	1.80756	1.80710	1.80740	1.80771	
1.80557	1.80740	1.80649	1.80756	1.80634	1.80725	1.80771	1.80603	1.80817	1.80740	
1.80634	1.80710	1.80603	1.80786	1.80878	1.80496	1.80786	1.80618	1.80725	1.80908	
1.80527	1.80832	1.80771	1.80923	1.81030	1.80634	1.80908	


Begin:2793	Time: 28	1
1.81473	
1.81595	1.81519	1.81656	1.81503	1.81335	1.81747	1.81488	1.81641	1.81519	1.81335	
1.81732	1.81519	1.81671	1.81503	1.81381	1.81747	1.81671	1.81824	1.81641	1.81534	
1.81885	1.81641	1.81824	1.81595	1.81534	1.81854	1.81625	1.81824	1.81671	1.81519	
1.81915	1.81625	1.81870	1.81595	1.81595	1.81946	1.81610	1.81808	1.81656	1.81625	
1.81732	1.81610	1.81900	1.81564	1.81641	1.81732	1.81671	1.81808	1.81595	1.81702	
1.81656	1.81671	1.81824	1.81625	1.81778	1.81717	1.81824	1.81763	1.81839	1.81793	
1.81854	1.81839	1.81732	1.81885	1.81824	1.81747	1.81900	1.81885	1.81747	1.81824	
1.81747	1.81870	1.81976	1.81702	1.81854	1.81747	1.81900	1.81946	1.81671	1.81854	
1.81671	1.81900	1.81946	1.81671	1.81854	1.81686	1.81900	1.81900	1.81702	1.81900	
1.81641	1.81885	1.81915	1.81717	1.81870	1.81610	1.81992	1.81885	1.81717	1.81870	
1.81610	1.81946	1.81854	1.81702	1.81915	1.81656	1.81778	1.81931	1.81931	1.81793	
1.81656	1.81992	1.81870	1.81839	1.81885	1.81686	1.81931	1.81839	1.81870	1.81824	
1.81763	1.81931	1.81763	1.81870	1.81885	1.81854	1.81839	


Begin:2821	Time: 21	1
1.82159	
1.81793	1.82083	1.81839	1.82068	1.82068	1.81763	1.82144	1.81763	1.82098	1.82114	
1.81824	1.82114	1.81747	1.81992	1.82114	1.81763	1.82053	1.81839	1.82022	1.82022	
1.81961	1.81992	1.81885	1.82022	1.81992	1.81961	1.81961	1.81885	1.81976	1.81976	
1.81915	1.82007	1.81915	1.81976	1.81992	1.81931	1.81992	1.82007	1.81961	1.81961	
1.81976	1.81931	1.81732	1.82114	1.81915	1.81976	1.81946	1.81732	1.82083	1.81946	
1.81870	1.81824	1.81580	1.81976	1.81763	1.81900	1.81747	1.81641	1.81992	1.81793	
1.81915	1.81793	1.81702	1.81976	1.81793	1.82007	1.81747	1.81686	1.82022	1.81839	
1.81946	1.81778	1.81732	1.82007	1.81808	1.82007	1.81778	1.81747	1.82175	1.81763	
1.81854	1.81931	1.81717	1.81946	1.81900	1.81885	1.81900	1.81778	1.81976	1.81839	
1.81839	1.81900	1.81763	1.81870	1.81824	1.81900	1.81839	1.81808	1.81854	1.81808	
1.81885	1.81854	1.81824	1.81885	1.81854	1.81870	1.81808	1.81915	1.81763	1.81931	
1.82022	1.81686	1.81915	1.81763	1.81885	1.82022	1.81625	1.81931	1.81747	1.81915	
1.81961	1.81671	1.81946	1.81686	1.81915	1.81961	1.81732	


Begin:2842	Time: 28	1
1.82159	
1.82083	1.82068	1.82053	1.82083	1.82129	1.82144	1.82083	1.82083	1.82098	1.82114	
1.82114	1.82098	1.82083	1.82114	1.82053	1.82297	1.82266	1.82251	1.82281	1.82220	
1.82297	1.82220	1.82068	1.82404	1.82205	1.82358	1.82220	1.82068	1.82419	1.82129	
1.82373	1.82190	1.82083	1.82434	1.82159	1.82419	1.82251	1.82083	1.82465	1.82175	
1.82419	1.82175	1.82114	1.82449	1.82159	1.82495	1.82205	1.82114	1.82419	1.82144	
1.82510	1.82129	1.82159	1.82419	1.82312	1.82678	1.82388	1.82327	1.82449	1.82404	
1.82510	1.82404	1.82373	1.82465	1.82419	1.82480	1.82419	1.82358	1.82404	1.82449	
1.82449	1.82419	1.82358	1.82388	1.82343	1.82434	1.82465	1.82358	1.82480	1.82388	
1.82419	1.82465	1.82388	1.82449	1.82419	1.82556	1.82297	1.82419	1.82434	1.82343	
1.82541	1.82251	1.82434	1.82358	1.82449	1.82541	1.82251	1.82449	1.82327	1.82434	
1.82556	1.82236	1.82495	1.82297	1.82449	1.82526	1.82297	1.82465	1.82236	1.82449	
1.82465	1.82251	1.82449	1.82205	1.82465	1.82480	1.82343	1.82449	1.82175	1.82480	
1.82465	1.82358	1.82480	1.82190	1.82541	1.82343	1.82404	


Begin:2870	Time: 23	1
1.82404	
1.82602	1.82465	1.82373	1.82648	1.82434	1.82678	1.82373	1.82404	1.82724	1.82404	
1.82693	1.82388	1.82419	1.82678	1.82449	1.82693	1.82388	1.82526	1.82571	1.82434	
1.82724	1.82541	1.82465	1.82663	1.82480	1.82617	1.82526	1.82480	1.82602	1.82526	
1.82571	1.82495	1.82510	1.82617	1.82526	1.82556	1.82556	1.82556	1.82495	1.82587	
1.82541	1.82495	1.82556	1.82526	1.82571	1.82648	1.82449	1.82571	1.82556	1.82587	
1.82724	1.82404	1.82587	1.82526	1.82602	1.82770	1.82373	1.82556	1.82510	1.82571	
1.82709	1.82358	1.82602	1.82495	1.82602	1.82709	1.82373	1.82587	1.82434	1.82571	
1.82709	1.82358	1.82617	1.82419	1.82587	1.82693	1.82388	1.82587	1.82388	1.82602	
1.82541	1.82495	1.82556	1.82526	1.82419	1.82632	1.82373	1.82541	1.82465	1.82449	
1.82648	1.82388	1.82541	1.82526	1.82480	1.82541	1.82404	1.82571	1.82465	1.82495	
1.82602	1.82541	1.82526	1.82465	1.82541	1.82510	1.82480	1.82571	1.82465	1.82663	
1.82541	1.82648	1.82632	1.82358	1.82831	1.82617	1.82648	1.82648	1.82449	1.82663	
1.82480	1.82480	1.82526	1.82266	1.82678	1.82404	1.82510	


Begin:2893	Time: 29	1
1.82236	
1.82510	1.82205	1.82510	1.82480	1.82358	1.82480	1.82220	1.82480	1.82495	1.82266	
1.82434	1.82175	1.82480	1.82434	1.82327	1.82404	1.82220	1.82480	1.82419	1.82373	
1.82404	1.82190	1.82480	1.82465	1.82327	1.82388	1.82144	1.82495	1.82404	1.82343	
1.82373	1.82175	1.82541	1.82404	1.82205	1.82373	1.82297	1.82343	1.82388	1.82373	
1.82343	1.82327	1.82343	1.82388	1.82434	1.82297	1.82327	1.82404	1.82388	1.82358	
1.82327	1.82358	1.82419	1.82343	1.82388	1.82343	1.82343	1.82373	1.82373	1.82358	
1.82419	1.82190	1.82480	1.82266	1.82495	1.82281	1.82220	1.82571	1.82251	1.82510	
1.82312	1.82220	1.82556	1.82205	1.82571	1.82281	1.82114	1.82419	1.82129	1.82404	
1.82159	1.82129	1.82404	1.82144	1.82480	1.82098	1.82190	1.82358	1.82159	1.82480	
1.82159	1.82190	1.82343	1.82159	1.82495	1.81992	1.82129	1.82159	1.81992	1.82358	
1.81931	1.82281	1.82144	1.81915	1.82281	1.82175	1.82098	1.82144	1.82007	1.82220	
1.82083	1.82098	1.82098	1.82053	1.82159	1.82053	1.82190	1.82144	1.82098	1.82159	
1.82159	1.82159	1.82114	1.82098	1.82114	1.82144	1.82068	
