Time: 67	1
0.00000	
0.00000	0.00000	0.00000	0.00000	0.00000	0.00000	0.00000	0.00000	0.00000	0.00000	
0.00000	0.00000	0.00000	0.00000	0.00000	0.00000	0.00000	0.00000	0.00000	0.00000	
0.00000	0.00000	0.00000	0.00000	0.00000	0.00000	0.00000	0.00000	0.00000	0.00000	
0.00000	0.00000	0.00000	0.00000	0.00000	0.00000	0.00000	0.00000	0.00000	0.00000	
0.00000	0.00000	0.00000	0.00000	0.00000	0.00000	0.00000	0.00000	0.00000	0.00000	
0.00000	0.00000	0.00000	0.00000	0.00000	0.00000	0.00000	0.00000	0.00000	0.00000	
0.00000	0.00000	0.00000	0.00000	0.00000	0.00000	0.00000	0.00000	0.00000	0.00000	
0.00000	0.00000	0.00000	0.00000	0.00000	0.00000	0.00000	0.00000	0.00000	0.00000	
0.00000	0.00000	0.00000	0.00000	0.00000	0.00000	0.00000	0.00000	0.00000	0.00000	
0.00000	0.00000	0.00000	0.00000	0.00000	0.00000	0.00000	0.00000	0.00000	0.00000	
0.00000	0.00000	0.00000	0.00000	0.00000	0.00000	0.00000	0.00000	0.00000	0.00000	
0.00000	0.00000	0.00000	0.00000	0.00000	0.00000	0.00000	0.00000	0.00000	0.00000	
0.00000	0.00000	0.00000	0.00000	0.00000	0.00000	0.00000	0.00000	0.00000	0.00000	
0.00000	0.00000	0.00000	0.00000	0.00000	0.00000	0.00000	0.00000	0.00000	0.00000	
0.00000	0.00000	0.00000	0.00000	0.00000	0.00000	0.00000	0.00000	0.00000	0.00000	
0.00000	0.00000	0.00000	0.00000	0.00000	0.00000	0.00000	0.00000	0.00000	0.00000	
0.00000	0.00000	0.00000	0.00000	0.00000	0.00000	0.00000	0.00000	0.00000	0.00000	
0.00000	0.00000	0.00000	0.00000	0.00000	0.00000	0.00000	0.00000	0.00000	0.00000	
0.00000	0.00000	0.00000	0.00000	0.00000	0.00000	0.00000	0.00000	0.00000	0.00000	
0.00000	0.00000	0.00000	0.00000	0.00000	0.00000	0.00000	0.00000	0.00000	0.00000	
0.00000	0.00000	0.00000	0.00000	0.00000	0.00000	0.00000	0.00000	0.00000	0.00000	
0.00000	0.00000	0.00000	0.00000	0.00000	0.00000	0.00000	0.00000	0.00000	0.00000	
0.00000	0.00000	0.00000	0.00000	0.00000	0.00000	0.00000	0.00000	0.00000	0.00000	
0.00000	0.00000	0.00000	0.00000	0.00000	0.00000	0.00000	0.00000	0.00000	0.00000	
0.00000	0.00000	0.00000	0.00000	0.00000	0.00000	0.00000	0.00000	0.00000	0.00000	
0.00000	0.00000	0.00000	0.00000	0.00000	0.00000	0.00000	0.00000	0.00000	0.00000	
0.00000	0.00000	0.00000	0.00000	0.00000	0.00000	0.00000	0.00000	0.00000	0.00000	
0.00000	0.00000	0.00000	0.00000	0.00000	0.00000	0.00000	0.00000	0.00000	0.00000	
0.00000	0.00000	0.00000	0.00000	0.00000	0.00000	0.00000	0.00000	0.00000	0.00000	
0.00000	0.00000	0.00000	0.00000	0.00000	0.00000	0.00000	0.00000	0.00000	0.00000	
0.00000	0.00000	0.00000	0.00000	0.00000	0.00000	0.00000	0.00000	0.00000	0.00000	
0.00000	0.00000	0.00000	0.00000	0.00000	0.00000	0.00000	0.00000	0.00000	0.00000	
0.00000	0.00000	0.00000	0.00000	0.00000	0.00000	0.00000	0.00000	0.00000	0.00000	
0.00000	0.00000	0.00000	0.00000	0.00000	0.00000	0.00000	0.00000	0.00000	0.00000	
0.00000	0.00000	0.00000	0.00000	0.00000	0.00000	0.00000	0.00000	0.00000	0.00000	
0.00000	0.00000	0.00000	0.00000	1.60370	1.53931	1.53519	1.53503	1.53534	1.53625	
1.53595	1.53610	1.53625	1.53687	1.53732	1.53717	1.53763	1.53778	1.53809	1.53885	
1.53839	1.53885	1.53900	1.53793	1.53854	1.53809	1.53809	1.53900	1.53900	1.53946	
1.53931	1.53931	1.53992	1.54037	1.54053	1.54053	1.54099	1.54068	1.54114	1.54099	
1.54144	1.54144	1.54175	1.54251	1.54251	1.54221	1.54266	1.54266	1.54297	1.54327	
1.54312	1.54358	1.54327	1.54404	1.54419	1.54388	1.54449	1.54404	1.54465	1.54465	
1.54495	1.54510	1.54587	1.54663	1.54648	1.54694	1.54678	1.54678	1.54770	1.54755	
1.54755	1.54709	1.54617	1.54648	1.54633	1.54648	1.54694	1.54633	1.54678	1.54709	
1.54724	1.54831	1.54831	1.54892	1.54907	1.54922	1.54922	1.54938	1.54938	1.54953	
1.54922	1.54831	1.54831	1.54861	1.54831	1.54846	1.54877	1.54846	1.54907	1.54922	
1.54922	1.54892	1.54922	1.54922	1.54938	1.54922	1.54984	1.54938	1.54984	1.54938	
1.54984	1.54968	1.54999	1.54938	1.55029	1.55029	1.55014	1.54999	1.55090	1.54999	
1.55060	1.54999	1.55045	1.55075	1.55075	1.55106	1.55060	1.55075	1.55106	1.55090	
1.55136	1.55106	1.55121	1.55106	1.55136	1.55136	1.55106	1.55136	1.55121	1.55151	
1.55182	1.55151	1.55182	1.55182	1.55136	1.55228	1.55151	1.55212	1.55228	1.55182	
1.55212	1.55197	1.55182	1.55243	1.55197	1.55258	1.55197	1.55228	1.55228	1.55212	
1.55243	1.55197	1.55273	1.55273	1.55304	1.55228	1.55228	1.55304	1.55273	1.55258	
1.55243	1.55258	1.55258	1.55319	1.55289	1.55319	1.55304	1.55304	1.55396	1.55457	
1.55472	1.55441	1.55457	1.55411	1.55457	1.55457	1.55472	1.55502	1.55441	1.55472	
1.55457	1.55487	1.55472	1.55457	1.55487	1.55472	1.55457	1.55487	1.55457	1.55533	
1.55457	1.55487	1.55533	1.55502	1.55487	1.55502	1.55533	1.55502	1.55487	1.55533	
1.55487	1.55518	1.55502	1.55518	1.55548	1.55502	1.55502	1.55518	1.55502	1.55533	
1.55502	1.55487	1.55548	1.55472	1.55533	1.55502	1.55533	1.55670	1.55701	1.55670	
1.55701	1.55685	1.55701	1.55685	1.55716	1.55731	1.55685	1.55670	1.55746	1.55655	
1.55701	1.55701	1.55716	1.55685	1.55685	1.55716	1.55869	1.55807	1.55853	1.55869	
1.55853	1.55869	1.55853	1.55869	1.55869	1.55838	1.55899	1.55853	1.55869	1.55884	
1.55884	1.55914	1.55884	1.55914	1.55914	1.55884	1.55884	1.55869	1.55884	1.55869	
1.55869	1.55914	1.55869	1.55914	1.55884	1.55991	1.56067	1.56006	1.56036	1.56021	
1.56006	1.56036	1.55991	1.56052	1.56021	1.56052	1.56067	1.55991	1.56036	1.56067	
1.56036	1.56021	1.56021	1.56021	1.55991	1.56036	1.56036	1.56006	1.56052	1.56021	
1.56052	1.56006	1.56052	1.56006	1.56036	1.56021	1.56052	1.56021	1.56052	1.56006	
1.56082	1.56067	1.56082	1.56052	1.56036	1.56052	1.56006	1.56021	1.56052	1.56021	
1.56021	1.56082	1.56052	1.56036	1.56036	1.56082	1.56006	1.56021	1.56067	1.56052	
1.56067	1.56067	1.56052	1.56052	1.55991	1.56067	1.56067	1.56006	1.56036	1.56021	
1.56067	1.56021	1.56067	1.56052	1.56006	1.56052	1.56036	1.56052	1.56021	1.55991	
1.56052	1.56006	1.56067	1.56235	1.56174	1.56219	1.56189	1.56158	1.56219	1.56204	
1.56174	1.56174	1.56097	1.56067	1.56036	1.56052	1.56006	1.56052	1.56097	1.56036	
1.56082	1.56052	1.56021	1.56082	1.56052	1.56036	1.55975	1.56036	1.56021	1.56052	
1.56067	1.56021	1.56082	1.56052	1.56082	1.56067	1.56067	1.56113	1.56021	1.56067	
1.56067	1.56067	1.56082	1.56021	1.56067	1.56067	1.56067	1.56082	1.56052	1.56052	
1.56052	1.56052	1.56097	1.56082	1.56036	1.56052	1.56067	1.56052	1.56021	1.56067	
1.56097	1.56021	1.56052	1.56036	1.56082	1.56021	1.56052	1.56097	1.56082	1.56082	
1.56067	1.56052	1.56082	1.56067	1.56067	1.56082	1.56036	1.56036	1.56036	1.56052	
1.56082	1.56067	1.56097	1.56082	1.56052	1.56067	1.56082	1.56097	1.56067	1.56067	
1.56067	1.56067	1.56082	1.56067	1.56097	1.56097	1.56113	1.56067	1.56052	1.55991	
1.55884	1.55960	1.55914	1.55899	1.55945	1.55899	1.55914	1.55930	1.55930	1.55930	
1.55899	1.55930	1.55945	1.55899	1.55914	1.55914	1.55914	1.55914	1.55899	1.55930	
1.55884	1.55899	1.55899	1.55930	1.55930	1.55884	1.55899	1.55853	1.55945	1.55899	
1.55945	1.55899	1.55899	1.55914	1.55930	1.55914	1.55899	1.55914	1.55975	1.56067	
1.56052	1.56006	1.56052	1.56036	1.56067	1.56067	1.56067	1.56006	1.56067	1.56036	
1.56052	1.56082	1.56052	1.56097	1.56006	1.56052	1.56067	1.56036	1.56097	1.56097	
1.56052	1.56052	1.56067	1.56082	1.56052	1.56067	1.56082	1.56097	1.56067	1.56036	
1.56036	1.56021	1.56052	1.56082	1.56036	1.56067	1.56036	1.56036	1.56067	1.56036	
1.56067	1.56036	1.56036	1.56067	1.56021	1.56052	1.56021	1.56067	1.56097	1.56067	
1.56067	1.56006	1.56097	1.56128	1.56052	1.56052	1.55991	1.56082	1.56082	1.56036	
1.56082	1.56036	1.56082	1.56052	1.56097	1.56052	1.56052	1.56097	1.56082	1.56113	
1.56067	1.56052	1.56067	1.56097	1.56082	1.56052	1.56082	1.56082	1.56082	1.56052	
1.56067	1.56067	1.56067	1.56082	1.56067	1.56052	1.56052	1.56097	1.56082	1.56097	
1.56067	1.56067	1.56113	1.56036	1.56067	1.56082	1.56052	1.56113	1.56082	1.56067	
1.56067	1.56052	1.56082	1.56036	1.56097	1.56067	1.56052	1.56097	1.56067	1.56082	
1.56052	1.56021	1.56082	1.56082	1.56052	1.56052	1.56113	1.56067	1.56067	1.56113	
1.56052	1.56036	1.56082	1.56082	1.56204	1.56189	1.56174	1.56235	1.56158	1.56204	
1.56235	1.56174	1.56235	1.56204	1.56067	1.56082	1.56082	1.56067	1.56036	1.56036	
1.56067	1.56097	1.56082	1.56067	1.56189	1.56189	1.56235	1.56189	1.56204	1.56219	
1.56174	1.56204	1.56204	1.56128	1.56067	1.56036	1.56082	1.56052	1.56067	1.56113	
1.56021	1.56067	1.56082	1.56082	1.56082	1.56067	1.56113	1.56097	1.56052	1.56067	
1.56067	1.56067	1.56067	1.56113	1.56113	1.56067	1.56128	1.56082	1.56052	1.56067	
1.56082	1.56036	1.56082	


Time: 74	1
1.56082	
1.56082	1.56113	1.56052	1.56082	1.56082	1.56082	1.56097	1.56082	1.56097	1.56097	
1.56036	1.56097	1.56067	1.56067	1.56113	1.56067	1.56082	1.56052	1.56128	1.56189	
1.56189	1.56250	1.56204	1.56219	1.56235	1.56174	1.56265	1.56174	1.56219	1.56372	
1.56342	1.56403	1.56342	1.56342	1.56372	1.56342	1.56357	1.56357	1.56342	1.56372	
1.56326	1.56357	1.56342	1.56357	1.56357	1.56342	1.56342	1.56357	1.56387	1.56387	
1.56342	1.56326	1.56342	1.56372	1.56357	1.56372	1.56326	1.56326	1.56219	1.56189	
1.56235	1.56204	1.56235	1.56219	1.56158	1.56189	1.56235	1.56158	1.56113	1.56067	
1.56097	1.56052	1.56052	1.56113	1.56036	1.56097	1.56082	1.56189	1.56265	1.56204	
1.56204	1.56204	1.56204	1.56219	1.56189	1.56250	1.56235	1.56204	1.56219	1.56189	
1.56219	1.56204	1.56189	1.56235	1.56204	1.56219	1.56204	1.56067	1.56097	1.56113	
1.56097	1.56067	1.56113	1.56052	1.56082	1.56052	1.56052	1.56082	1.56036	1.56097	
1.56067	1.56067	1.56097	1.56067	1.56052	1.56067	1.56052	1.56128	1.56082	1.56082	
1.56082	1.56097	1.56067	1.56052	1.56067	1.56113	1.56067	1.56097	1.56082	1.56097	
1.56067	1.56128	1.56052	1.56052	1.56097	1.56097	1.56082	1.56128	1.56052	1.56036	
1.56082	1.56067	1.56113	1.56067	1.56067	1.56052	1.56052	1.56097	1.56036	1.56113	
1.56113	1.56097	1.56067	1.56067	1.56067	1.56097	1.56067	1.56097	1.56067	1.56082	
1.56082	1.56067	1.56097	1.56067	1.56113	1.56082	1.56067	1.56082	1.56036	1.56067	
1.56052	1.56006	1.56082	1.56082	1.56082	1.56082	1.56082	1.56097	1.56097	1.56082	
1.56082	1.56082	1.56067	1.56067	1.56097	1.56052	1.56052	1.56067	1.56067	1.56097	
1.56082	1.56082	1.56082	1.56082	1.56113	1.56097	1.56082	1.56067	1.56067	1.56082	
1.56067	1.56082	1.56067	1.56052	1.56097	1.56021	1.56082	1.56082	1.56082	1.56067	
1.56052	1.56097	1.56082	1.56052	1.56082	1.56067	1.56082	1.56082	1.56097	1.56082	
1.56067	1.56128	1.56052	1.56021	1.56113	1.56082	1.56097	1.56082	1.56067	1.56097	
1.56052	1.56082	1.56067	1.56067	1.56067	1.56067	1.56052	1.56067	1.56052	1.56067	
1.56036	1.56082	1.55228	1.55212	1.55228	1.55243	1.55243	1.55243	1.55197	1.55212	
1.55258	1.55243	1.55228	1.55228	1.55212	1.55182	1.55289	1.55228	1.55258	1.55197	
1.55243	1.54449	1.54053	1.54114	1.54083	1.54068	1.54099	1.54114	1.54114	1.54099	
1.54083	1.53290	1.53259	1.53259	1.53244	1.53259	1.53259	1.53214	1.53259	1.53229	
1.53229	1.52420	1.52420	1.52420	1.52420	1.52420	1.52451	1.52405	1.52451	1.52374	
1.52008	1.51566	1.51596	1.51627	1.51581	1.51581	1.51581	1.51596	1.51581	1.51550	
1.50803	1.50589	1.50650	1.50635	1.50558	1.50665	1.50620	1.50604	1.50620	1.50589	
1.49506	1.49506	1.49429	1.49475	1.49475	1.49460	1.49490	1.49475	1.49445	1.49109	
1.48331	1.48346	1.48376	1.48331	1.48346	1.48331	1.48376	1.48422	1.48361	1.47568	
1.47430	1.47354	1.47400	1.47369	1.47400	1.47415	1.47369	1.47430	1.47400	1.46149	
1.46149	1.46118	1.46149	1.46103	1.46103	1.46103	1.46103	1.46179	1.46027	1.44867	
1.44867	1.44882	1.44882	1.44882	1.44836	1.44882	1.44882	1.44882	1.43967	1.43417	
1.43463	1.43478	1.43463	1.43463	1.43417	1.43478	1.43448	1.43494	1.42151	1.42075	
1.42090	1.42075	1.42105	1.42090	1.42044	1.42120	1.42059	1.42059	1.40579	1.40610	
1.40549	1.40549	1.40533	1.40533	1.40533	1.40533	1.40533	1.39832	1.39038	1.39023	
1.38947	1.38977	1.39008	1.38977	1.38992	1.38962	1.39008	1.37497	1.37299	1.37375	
1.37329	1.37375	1.37344	1.37329	1.37329	1.37314	1.37329	1.35666	1.35635	1.35651	
1.35605	1.35681	1.35651	1.35635	1.35651	1.35635	1.35132	1.34354	1.34384	1.34384	
1.34338	1.34399	1.34384	1.34369	1.34415	1.34369	1.33301	1.33026	1.33011	1.33026	
1.32965	1.33026	1.32996	1.33026	1.33026	1.32965	1.31866	1.31866	1.31912	1.31866	
1.31882	1.31882	1.31851	1.31897	1.31897	1.31607	1.30493	1.30508	1.30463	1.30539	
1.30447	1.30463	1.30463	1.30493	1.30493	1.29623	1.29379	1.29410	1.29395	1.29364	
1.29364	1.29364	1.29333	1.29379	1.29379	1.28036	1.28006	1.27960	1.27975	1.27975	
1.28006	1.27945	1.27991	1.28021	1.27930	1.26846	1.26892	1.26846	1.26892	1.26846	
1.26892	1.26877	1.26892	1.26892	1.26038	1.25580	1.25595	1.25641	1.25641	1.25595	
1.25626	1.25641	1.25610	1.25641	1.24405	1.24344	1.24390	1.24329	1.24344	1.24374	
1.24329	1.24420	1.24374	1.24374	1.23108	1.23138	1.23093	1.23138	1.23108	1.23108	
1.23093	1.23123	1.23123	1.22467	1.21826	1.21872	1.21841	1.21872	1.21857	1.21857	
1.21857	1.21857	1.21841	1.20728	1.20605	1.20575	1.20590	1.20560	1.20605	1.20575	
1.20605	1.20575	1.20590	1.19354	1.19354	1.19324	1.19339	1.19354	1.19339	1.19308	
1.19339	1.19293	1.19156	1.18210	1.18225	1.18240	1.18179	1.18225	1.18210	1.18195	
1.18210	1.18179	1.17264	1.16974	1.16913	1.16959	1.16928	1.16943	1.16974	1.16928	
1.16913	1.16943	1.15753	1.15738	1.15692	1.15753	1.15692	1.15723	1.15707	1.15707	
1.15692	1.15494	1.14456	1.14456	1.14441	1.14441	1.14502	1.14502	1.14441	1.14441	
1.14487	1.13419	1.13342	1.13342	1.13327	1.13281	1.13327	1.13358	1.13312	1.13358	
1.13297	1.12076	1.12061	1.12106	1.12106	1.12061	1.12076	1.12091	1.12076	1.12106	
1.11725	1.11084	1.11130	1.11084	1.11084	1.11099	1.11115	1.11115	1.11084	1.11160	
1.10825	1.10275	1.10229	1.10245	1.10291	1.10260	1.10291	1.10275	1.10260	1.10306	
1.09695	1.09268	1.09314	1.09314	1.09329	1.09253	1.09299	1.09268	1.09329	1.09192	
1.08582	1.08612	1.08551	1.08551	1.08612	1.08612	1.08612	1.08582	1.08597	1.07971	
1.07773	1.07758	1.07742	1.07742	1.07758	1.07742	1.07773	1.07742	1.07773	1.07101	
1.07132	1.07101	1.07071	1.07101	1.07071	1.07071	1.07101	1.07071	1.07086	1.06552	
1.06354	1.06400	1.06384	1.06369	1.06384	1.06384	1.06354	1.06400	1.06384	1.05804	
1.05820	1.05804	1.05850	1.05835	1.05804	1.05820	1.05820	1.05804	1.05759	1.05408	
1.05392	1.05423	1.05392	1.05408	1.05392	1.05392	1.05408	1.05392	1.05148	1.04965	
1.04950	1.04996	1.04950	1.04965	1.04965	1.04950	1.04980	1.04950	1.04614	1.04523	
1.04553	1.04538	1.04523	1.04614	1.04553	1.04584	1.04553	1.04568	1.04446	1.04431	
1.04462	1.04416	1.04416	1.04416	1.04416	1.04370	1.04462	1.04218	1.03989	1.04004	
1.04050	1.04004	1.03973	1.04004	1.03989	1.04004	1.04019	1.03836	1.03867	1.03851	
1.03882	1.03867	1.03851	1.03851	1.03851	1.03867	1.03882	1.03897	1.03897	1.03867	
1.03851	1.03821	1.03867	1.03821	1.03897	1.03928	1.03882	1.03882	1.03836	1.03851	
1.03867	1.03882	1.03882	1.03912	1.03821	1.03928	1.03836	1.03882	1.03851	1.03851	
1.03897	1.03867	1.03928	1.03851	1.03882	1.03897	1.03073	1.03088	1.02966	1.03073	
1.03027	1.03058	1.03088	1.03043	1.03043	1.03088	1.01929	1.01898	1.01929	1.01913	
1.01929	1.01944	1.01929	1.01944	1.01944	1.01273	1.00677	1.00677	1.00647	1.00677	
1.00693	1.00677	1.00662	1.00616	1.00693	0.99518	0.99228	0.99258	0.99228	0.99274	
0.99274	0.99274	0.99289	0.99228	0.99289	0.97992	0.97733	0.97733	0.97672	0.97733	
0.97733	0.97733	0.97687	0.97733	0.97748	0.95947	0.95917	0.95871	0.95901	0.95917	
0.95917	0.95901	0.95901	0.95886	0.95947	0.93872	0.93842	0.93826	0.93811	0.93811	
0.93796	0.93826	0.93811	0.93826	0.93811	0.91705	0.91751	0.91736	0.91705	0.91705	
0.91705	0.91721	0.91721	0.89600	0.89615	0.89630	0.89645	0.89615	0.89630	0.89630	
0.89615	0.89630	0.89615	0.89630	0.88074	0.87341	0.87402	0.87402	0.87387	0.87387	
0.87387	0.87418	0.87372	0.87387	0.84869	0.84839	0.84885	0.84839	0.84930	0.84885	
0.84900	0.84930	0.84885	0.84137	0.82352	0.82367	0.82352	0.82397	0.82367	0.82367	
0.82352	0.82397	0.82397	0.80658	0.80261	0.80292	0.80292	0.80276	0.80292	0.80261	
0.80261	0.80307	0.80261	0.78278	0.78156	0.78171	0.78156	0.78171	0.78201	0.78171	
0.78186	0.78217	0.77835	0.75485	0.75516	0.75531	0.75531	0.75546	0.75546	0.75485	
0.75531	0.75562	0.74051	0.73303	0.73273	0.73273	0.73273	0.73257	0.73318	0.73273	
0.73288	0.73303	0.71976	0.71884	0.71884	0.71899	0.71869	0.71884	0.71899	0.71884	
0.71915	0.70572	0.70358	0.70358	0.70328	0.70358	0.70374	0.70374	0.70358	0.70328	
0.70389	0.69656	0.69672	0.69672	0.69641	0.69702	0.69641	0.69656	0.69672	0.69656	
0.69687	0.69809	0.69824	0.69809	0.69809	0.69855	0.69824	0.69824	0.69794	0.69855	
0.69839	0.69824	0.69824	0.69839	0.69809	0.69824	0.69824	0.69855	0.69824	0.69855	
0.69824	0.69809	0.69839	0.69839	0.69809	0.69885	0.69839	0.69809	0.69824	0.69855	
0.69824	0.69870	0.69870	0.69839	0.69855	0.69855	0.69839	0.69855	0.69839	0.70053	
0.70129	0.70145	0.70145	0.70114	0.70145	0.70114	0.70129	0.70145	0.70099	0.70801	
0.70847	0.70831	0.70877	0.70831	0.70862	0.70862	0.70816	0.70847	0.70831	0.71426	
0.71396	0.71381	0.71457	0.71396	0.71426	0.71365	0.71396	0.71381	0.71762	0.72006	
0.71945	0.71960	0.71976	


Time: 69	1
0.75180	
0.75180	0.75180	0.75165	0.75165	0.75180	0.75195	0.75180	0.75195	0.75165	0.75165	
0.75211	0.75180	0.75195	0.75180	0.75211	0.75333	0.75333	0.75348	0.75333	0.75317	
0.75317	0.75287	0.75333	0.75317	0.75287	0.75348	0.75333	0.75348	0.75317	0.75317	
0.75363	0.75302	0.75348	0.75317	0.75394	0.75424	0.75455	0.75485	0.75455	0.75455	
0.75470	0.75470	0.75470	0.75424	0.75470	0.75439	0.75439	0.75485	0.75424	0.75455	
0.75455	0.75439	0.75485	0.75409	0.75485	0.75439	0.75424	0.75470	0.75455	0.75470	
0.75470	0.75455	0.75455	0.75409	0.75485	0.75470	0.75470	0.75470	0.75409	0.75516	
0.75424	0.75424	0.75470	0.75531	0.75623	0.75577	0.75607	0.75577	0.75607	0.75668	
0.75623	0.75684	0.75577	0.75485	0.75500	0.75500	0.75500	0.75424	0.75455	0.75455	
0.75439	0.75470	0.75455	0.75424	0.75470	0.75470	0.75470	0.75424	0.75485	0.75516	
0.75470	0.75470	0.75455	0.75439	0.75470	0.75439	0.75455	0.75439	0.75470	0.75455	
0.75470	0.75455	0.75439	0.75455	0.75500	0.75455	0.75455	0.75455	0.75470	0.75470	
0.75439	0.75470	0.75485	0.75455	0.75470	0.75439	0.75470	0.75470	0.75470	0.75455	
0.75470	0.75516	0.75439	0.75485	0.75470	0.75439	0.75485	0.75470	0.75455	0.75470	
0.75470	0.75455	0.75424	0.75470	0.75485	0.75470	0.75470	0.75409	0.75455	0.75470	
0.75439	0.75485	0.75470	0.75470	0.75455	0.75470	0.75485	0.75439	0.75470	0.75470	
0.75470	0.75470	0.75455	0.75455	0.75485	0.75485	0.75485	0.75439	0.75455	0.75485	
0.75485	0.75455	0.75470	0.75455	0.75470	0.75470	0.75455	0.75485	0.75485	0.75439	
0.75485	0.75485	0.75485	0.75470	0.75455	0.75500	0.75470	0.75455	0.75470	0.75455	
0.75485	0.75470	0.75470	0.75485	0.75470	0.75516	0.75500	0.75455	0.75485	0.75516	
0.75485	0.75470	0.75455	0.75516	0.75500	0.75470	0.75455	0.75455	0.75470	0.75485	
0.75470	0.75439	0.75470	0.75485	0.75485	0.75516	0.75470	0.75455	0.75470	0.75485	
0.75500	0.75455	0.75485	0.75485	0.75470	0.75485	0.75485	0.75455	0.75455	0.75470	
0.75470	0.75439	0.75455	0.75455	0.75500	0.75439	0.75455	0.75470	0.75455	0.75516	
0.75500	0.75500	0.75470	0.75439	0.75470	0.75455	0.75439	0.75470	0.75439	0.75500	
0.75470	0.75455	0.75470	0.75455	0.75485	0.75455	0.75470	0.75470	0.75439	0.75516	
0.75485	0.75439	0.75455	0.75439	0.75455	0.75485	0.75470	0.75500	0.75439	0.75485	
0.75470	0.75439	0.75439	0.75424	0.75470	0.75439	0.75470	0.75485	0.75439	0.75516	
0.75470	0.75470	0.75485	0.75455	0.75485	0.75485	0.75439	0.75470	0.75470	0.75455	
0.75470	0.75409	0.75470	0.75470	0.75439	0.75470	0.75500	0.75470	0.75470	0.75516	
0.75455	0.75485	0.75439	0.75455	0.75500	0.75439	0.75455	0.75516	0.75439	0.75455	
0.75455	0.75500	0.75455	0.75470	0.75455	0.75455	0.75455	0.75470	0.75470	0.75455	
0.75470	0.75485	0.75455	0.75394	0.75485	0.75455	0.75470	0.75455	0.75424	0.75439	
0.75470	0.75500	0.75470	0.75531	0.75439	0.75439	0.75516	0.75485	0.75439	0.75455	
0.75455	0.75470	0.75470	0.75485	0.75455	0.75439	0.75485	0.75500	0.75500	0.75485	
0.75470	0.75470	0.75470	0.75424	0.75424	0.75424	0.75500	0.75424	0.75470	0.75455	
0.75485	0.75485	0.75470	0.75470	0.75470	0.75470	0.75455	0.75485	0.75485	0.75439	
0.75455	0.75439	0.75485	0.75470	0.75470	0.75500	0.75455	0.75485	0.75500	0.75455	
0.75455	0.75470	0.75485	0.75470	0.75409	0.75470	0.75485	0.75470	0.75485	0.75455	
0.75470	0.75470	0.75455	0.75424	0.75439	0.75485	0.75439	0.75439	0.75424	0.75424	
0.75470	0.75470	0.75485	0.75439	0.75455	0.75500	0.75470	0.75455	0.75424	0.75455	
0.75485	0.75470	0.75439	0.75439	0.75439	0.75455	0.75455	0.75455	0.75455	0.75439	
0.75500	0.75470	0.75455	0.75424	0.75424	0.75439	0.75470	0.75455	0.75439	0.75470	
0.75500	0.75455	0.75500	0.75439	0.75500	0.75470	0.75470	0.75485	0.75455	0.75470	
0.75455	0.75424	0.75485	0.75439	0.75470	0.75439	0.75409	0.75485	0.75409	0.75424	
0.75455	0.75455	0.75470	0.75409	0.75455	0.75409	0.75424	0.75455	0.75439	0.75485	
0.75409	0.75439	0.75470	0.75424	0.75439	0.75439	0.75500	0.75455	0.75409	0.75485	
0.75455	0.75302	0.75348	0.75302	0.75302	0.75302	0.75317	0.75317	0.75317	0.75348	
0.75195	0.75211	0.75180	0.75195	0.75272	0.75150	0.75195	0.75211	0.75165	0.75211	
0.75302	0.75363	0.75348	0.75317	0.75378	0.75317	0.75333	0.75272	0.75272	0.75302	
0.75195	0.75180	0.75195	0.75134	0.75195	0.75180	0.75211	0.75211	0.75180	0.75195	
0.75150	0.75241	0.75165	0.75195	0.75211	0.75165	0.75226	0.75150	0.75165	0.75226	
0.75150	0.75211	0.75165	0.75180	0.75211	0.75165	0.75195	0.75195	0.75165	0.75195	
0.75180	0.75180	0.75226	0.75195	0.75195	0.75180	0.75211	0.75165	0.75180	0.75134	
0.75150	0.75195	0.75150	0.75165	0.75211	0.75150	0.75165	0.75150	0.75195	0.75211	
0.75195	0.75180	0.75180	0.75165	0.75195	0.75195	0.75180	0.75165	0.75180	0.75211	
0.75180	0.75150	0.75195	0.75211	0.75195	0.75165	0.75180	0.75211	0.75165	0.75165	
0.75165	0.75195	0.75180	0.75226	0.75195	0.75150	0.75180	0.75195	0.75226	0.75195	
0.75195	0.75180	0.75195	0.75195	0.75165	0.75226	0.75180	0.75165	0.75195	0.75195	
0.75165	0.75165	0.75195	0.75195	0.75180	0.75195	0.75195	0.75195	0.75256	0.75180	
0.75195	0.75195	0.75195	0.75195	0.75211	0.75211	0.75180	0.75211	0.75195	0.75180	
0.75241	0.75180	0.75195	0.75241	0.75195	0.75195	0.75195	0.75195	0.75180	0.75241	
0.75211	0.75211	0.75195	0.75165	0.75211	0.75165	0.75195	0.75211	0.75165	0.75211	
0.75180	0.75180	0.75226	0.75211	0.75180	0.75241	0.75165	0.75211	0.75150	0.75195	
0.75211	0.75195	0.75211	0.75165	0.75165	0.75165	0.75195	0.75195	0.75165	0.75165	
0.75211	0.75150	0.75211	0.75180	0.75165	0.75180	0.75165	0.75226	0.75150	0.75195	
0.75195	0.75195	0.75180	0.75180	0.75226	0.75165	0.75180	0.75211	0.75180	0.75195	
0.75180	0.75180	0.75226	0.75180	0.75180	0.75211	0.75165	0.75211	0.75150	0.75195	
0.75180	0.75195	0.75165	0.75211	0.75211	0.75180	0.75165	0.75180	0.75180	0.75195	
0.75180	0.75180	0.75180	0.75150	0.75195	0.75195	0.75211	0.75195	0.75180	0.75195	
0.75195	0.75180	0.75150	0.75150	0.75226	0.75195	0.75211	0.75150	0.75211	0.75165	
0.75150	0.75165	0.75180	0.75180	0.75195	0.75180	0.75195	0.75195	0.75195	0.75211	
0.75165	0.75211	0.75180	0.75165	0.75241	0.75150	0.75180	0.75226	0.75180	0.75195	
0.75180	0.75211	0.75211	0.75180	0.75195	0.75195	0.75226	0.75150	0.75180	0.75211	
0.75180	0.75211	0.75165	0.75165	0.75226	0.75211	0.75195	0.75165	0.75150	0.75195	
0.75150	0.75180	0.75211	0.75195	0.75180	0.75195	0.75226	0.75211	0.75180	0.75195	
0.75150	0.75195	0.75180	0.75195	0.75180	0.75150	0.75195	0.75195	0.75180	0.75165	
0.75195	0.75180	0.75165	0.75150	0.75195	0.75180	0.75150	0.75150	0.75150	0.75180	
0.75211	0.75180	0.75180	0.75180	0.75180	0.75195	0.75211	0.75134	0.75180	0.75165	
0.75195	0.75195	0.75180	0.75165	0.75165	0.75195	0.75195	0.75134	0.75165	0.75134	
0.75058	0.75043	0.75043	0.75043	0.75027	0.75043	0.75058	0.75058	0.75043	0.74982	
0.75073	0.75089	0.75012	0.75027	0.75012	0.75073	0.75043	0.75012	0.75027	0.75012	
0.75073	0.75089	0.74997	0.74982	0.75027	0.75058	0.75073	0.75027	0.74997	0.75043	
0.75043	0.75027	0.75012	0.75027	0.75043	0.75027	0.75073	0.75058	0.75012	0.75027	
0.75027	0.75089	0.75043	0.74997	0.75043	0.75043	0.74997	0.75043	0.74997	0.75195	
0.75211	0.75134	0.75211	0.75134	0.75195	0.75195	0.75165	0.75211	0.75165	0.75180	
0.75165	0.75180	0.75211	0.75134	0.75211	0.75211	0.75180	0.75165	0.75119	0.75180	
0.75180	0.75150	0.75180	0.75119	0.75180	0.75165	0.75150	0.75134	0.75165	0.75241	
0.75180	0.75150	0.75180	0.75180	0.75226	0.75165	0.75195	0.75256	0.75150	0.75180	
0.75195	0.75180	0.75165	0.75150	0.75226	0.75195	0.75180	0.75195	0.75134	0.75211	
0.75211	0.75150	0.75241	0.75165	0.75165	0.75165	0.75180	0.75211	0.75195	0.75180	
0.75180	0.75211	0.75226	0.75180	0.75165	0.75165	0.75180	0.75195	0.75165	0.75211	
0.75150	0.75195	0.75211	0.75165	0.75211	0.75165	0.75195	0.75134	0.75150	0.75195	
0.75180	0.75165	0.75134	0.75180	0.75226	0.75165	0.75180	0.75195	0.75195	0.75195	
0.75134	0.75195	0.75165	0.75211	0.75195	0.75119	0.75211	0.75165	0.75195	0.75211	
0.75211	0.75195	0.75180	0.75211	0.75180	0.75180	0.75211	0.75195	0.75165	0.75211	
0.75180	0.75195	0.75226	0.75165	0.75165	0.75165	0.75211	0.75226	0.75180	0.75150	
0.75195	0.75195	0.75165	0.75134	0.75165	0.75195	0.75211	0.75195	0.75165	0.75165	
0.75226	0.75211	0.75195	0.75195	0.75180	0.75180	0.75211	0.75226	0.75211	0.75180	
0.75241	0.75195	0.75150	0.75195	0.75180	0.75211	0.75165	0.75180	0.75195	0.75211	
0.75165	0.75241	0.75180	0.75211	0.75180	0.75211	0.75195	0.75180	0.75180	0.75211	
0.75226	0.75165	0.75180	0.75241	0.75195	0.75211	0.75180	0.75195	0.75195	0.75211	
0.75180	0.75211	0.75226	


Time: 69	1
0.74936	
0.74860	0.74799	0.74783	0.74753	0.74783	0.74753	0.74768	0.74768	0.74753	0.74783	
0.74783	0.74768	0.74799	0.74768	0.74799	0.74768	0.74799	0.74783	0.74738	0.74814	
0.74783	0.74768	0.74768	0.74799	0.74814	0.74753	0.74768	0.74753	0.74783	0.74844	
0.74890	0.74951	0.74936	0.74921	0.74936	0.74890	0.74936	0.74905	0.74890	0.74890	
0.74738	0.74768	0.74753	0.74753	0.74814	0.74768	0.74768	0.74768	0.74783	0.74768	
0.74753	0.74814	0.74753	0.74768	0.74783	0.74783	0.74738	0.74768	0.74753	0.74768	
0.74783	0.74783	0.74783	0.74738	0.74753	0.74768	0.74768	0.74753	0.74783	0.74921	
0.74890	0.74875	0.74860	0.74951	0.74921	0.74905	0.74890	0.74905	0.74936	0.74890	
0.74905	0.74921	0.74860	0.74905	0.74890	0.74905	0.74905	0.74890	0.74921	0.74905	
0.74936	0.74921	0.74890	0.74951	0.74875	0.74905	0.74921	0.74936	0.74799	0.74738	
0.74783	0.74753	0.74707	0.74753	0.74753	0.74753	0.74753	0.74753	0.74768	0.74799	
0.74783	0.74860	0.74738	0.74738	0.74799	0.74799	0.74768	0.74707	0.74783	0.74799	
0.74783	0.74783	0.74753	0.74783	0.74753	0.74783	0.74707	0.74738	0.74768	0.74753	
0.74768	0.74738	0.74768	0.74783	0.74768	0.74768	0.74783	0.74768	0.74768	0.74783	
0.74768	0.74738	0.74814	0.74738	0.74738	0.74783	0.74768	0.74905	0.74936	0.74890	
0.74966	0.74875	0.74905	0.74890	0.74921	0.74936	0.74905	0.74936	0.74890	0.74905	
0.74921	0.74875	0.74921	0.74890	0.74921	0.74951	0.74936	0.74921	0.74921	0.74890	
0.74875	0.74905	0.74936	0.74905	0.74921	0.74921	0.74921	0.74951	0.74921	0.74905	
0.74921	0.74921	0.74905	0.74890	0.74875	0.74890	0.74890	0.74905	0.74905	0.74905	
0.74905	0.74921	0.74890	0.74905	0.74905	0.74921	0.74905	0.74936	0.74860	0.74905	
0.74936	0.74936	0.74890	0.74860	0.74951	0.74905	0.74905	0.74905	0.74890	0.74890	
0.74905	0.74921	0.74905	0.74875	0.74905	0.74890	0.74936	0.74890	0.74905	0.74890	
0.74921	0.74921	0.74921	0.74890	0.74951	0.74890	0.74936	0.74875	0.74905	0.74921	
0.74875	0.74890	0.74875	0.74905	0.74905	0.74890	0.74921	0.74890	0.74905	0.74890	
0.74905	0.74921	0.74875	0.74875	0.74921	0.74921	0.74921	0.74890	0.74890	0.74966	
0.74905	0.74921	0.74875	0.74783	0.74753	0.74783	0.74753	0.74753	0.74753	0.74783	
0.74753	0.74753	0.74799	0.74875	0.74905	0.74860	0.74875	0.74921	0.74890	0.74921	
0.74890	0.74951	0.74890	0.74875	0.74905	0.74921	0.74921	0.74890	0.74951	0.74905	
0.74875	0.74921	0.74905	0.74905	0.74890	0.74921	0.74936	0.74905	0.74936	0.74921	
0.74875	0.74921	0.74905	0.74890	0.74921	0.74951	0.74905	0.74905	0.74921	0.74875	
0.74966	0.74936	0.74951	0.74905	0.74936	0.74951	0.74936	0.74966	0.74905	0.74936	
0.74921	0.74951	0.74921	0.74905	0.74905	0.74905	0.74905	0.74921	0.74905	0.74905	
0.74951	0.74936	0.74905	0.74875	0.74905	0.74921	0.74875	0.74936	0.74921	0.74890	
0.74905	0.74921	0.74905	0.74921	0.74890	0.74921	0.74890	0.74890	0.74921	0.74844	
0.74966	0.75043	0.75073	0.75043	0.75012	0.75073	0.75027	0.75027	0.75027	0.75058	
0.75089	0.75043	0.75058	0.75043	0.75027	0.75058	0.75043	0.75027	0.75043	0.75012	
0.75073	0.75012	0.75012	0.75043	0.75027	0.75043	0.75012	0.75058	0.75043	0.75073	
0.75180	0.75180	0.75211	0.75226	0.75165	0.75211	0.75165	0.75211	0.75211	0.75089	
0.75043	0.75073	0.75058	0.75073	0.75043	0.75073	0.75027	0.75043	0.75043	0.75027	
0.75058	0.75058	0.75027	0.75104	0.75043	0.75058	0.75043	0.75043	0.75043	0.75058	
0.75104	0.75119	0.75089	0.75027	0.75073	0.75043	0.75058	0.75073	0.74951	0.74921	
0.74875	0.74890	0.74951	0.74905	0.74966	0.74905	0.74905	0.74936	0.74890	0.74951	
0.74921	0.74905	0.74966	0.74890	0.74936	0.74921	0.74921	0.74951	0.75058	0.75073	
0.75058	0.75104	0.75073	0.75073	0.75058	0.75058	0.75073	0.74982	0.74905	0.74936	
0.74921	0.74905	0.74921	0.74921	0.74890	0.74890	0.74875	0.74936	0.74921	0.74890	
0.74921	0.74905	0.74921	0.74936	0.74936	0.74921	0.74905	0.74753	0.74768	0.74768	
0.74799	0.74814	0.74768	0.74768	0.74738	0.74753	0.74783	0.74799	0.74799	0.74799	
0.74753	0.74768	0.74768	0.74799	0.74753	0.74707	0.74783	0.74738	0.74799	0.74768	
0.74738	0.74814	0.74753	0.74768	0.74768	0.74738	0.74799	0.74707	0.74768	0.74768	
0.74722	0.74814	0.74753	0.74738	0.74783	0.74722	0.74783	0.74783	0.74738	0.74783	
0.74738	0.74783	0.74738	0.74768	0.74738	0.74768	0.74783	0.74753	0.74753	0.74753	
0.74768	0.74768	0.74753	0.74783	0.74783	0.74066	0.74081	0.74066	0.74081	0.74036	
0.74066	0.74066	0.74066	0.74051	0.74036	0.73944	0.73944	0.73929	0.73959	0.73914	
0.73959	0.73944	0.73944	0.73944	0.73807	0.73776	0.73776	0.73792	0.73807	0.73776	
0.73807	0.73792	0.73776	0.73822	0.73654	0.73685	0.73654	0.73654	0.73639	0.73639	
0.73639	0.73669	0.73654	0.73669	0.73441	0.73517	0.73502	0.73502	0.73532	0.73502	
0.73471	0.73486	0.73517	0.73441	0.73105	0.73090	0.73105	0.73090	0.73120	0.73059	
0.73059	0.73090	0.73074	0.72891	0.72784	0.72830	0.72800	0.72754	0.72815	0.72784	
0.72815	0.72800	0.72800	0.72662	0.72678	0.72678	0.72693	0.72662	0.72662	0.72662	
0.72632	0.72678	0.72678	0.72510	0.72510	0.72525	0.72495	0.72525	0.72540	0.72510	
0.72525	0.72449	0.72449	0.72357	0.72403	0.72357	0.72327	0.72418	0.72388	0.72388	
0.72388	0.72388	0.72403	0.72342	0.72418	0.72372	0.72342	0.72372	0.72327	0.72357	
0.72388	0.72357	0.72403	0.72342	0.72418	0.72342	0.72388	0.72357	0.72327	0.72403	
0.72403	0.72418	0.72510	0.72510	0.72510	0.72495	0.72479	0.72525	0.72495	0.72510	
0.72510	0.72601	0.72662	0.72632	0.72647	0.72678	0.72662	0.72647	0.72678	0.72678	
0.72693	0.72678	0.72632	0.72647	0.72662	0.72632	0.72647	0.72647	0.72647	0.72662	
0.72815	0.72937	0.72906	0.72937	0.72906	0.72968	0.72937	0.72922	0.72983	0.72922	
0.72983	0.72937	0.72937	0.72906	0.72952	0.72922	0.72937	0.72891	0.72937	0.72968	
0.72952	0.72937	0.72922	0.72922	0.72922	0.72906	0.72937	0.72968	0.72922	0.72922	
0.72937	0.72968	0.72906	0.72922	0.72952	0.72922	0.72937	0.72922	0.72937	0.73029	
0.73090	0.73105	0.73105	0.73090	0.73044	0.73044	0.73074	0.73135	0.73105	0.73318	
0.73380	0.73334	0.73364	0.73380	0.73349	0.73471	0.73380	0.73395	0.73380	0.73380	
0.73364	0.73380	0.73364	0.73364	0.73380	0.73349	0.73349	0.73395	0.73471	0.73502	
0.73532	0.73517	0.73502	0.73502	0.73502	0.73517	0.73486	0.73456	0.73792	0.73792	
0.73822	0.73807	0.73776	0.73792	0.73807	0.73807	0.73807	0.73776	0.74234	0.74203	
0.74249	0.74234	0.74203	0.74188	0.74173	0.74188	0.74188	0.74265	0.74356	0.74310	
0.74356	0.74326	0.74326	0.74371	0.74310	0.74371	0.74326	0.74341	0.74371	0.74371	
0.74371	0.74356	0.74326	0.74326	0.74341	0.74371	0.74356	0.74371	0.74371	0.74371	
0.74371	0.74356	0.74356	0.74356	0.74341	0.74387	0.74387	0.74356	0.74356	0.74326	
0.74371	0.74341	0.74356	0.74326	0.74356	0.74356	0.74356	0.74326	0.74356	0.74341	
0.74341	0.74326	0.74356	0.74326	0.74341	0.74356	0.74341	0.74402	0.74341	0.74326	
0.74387	0.74341	0.74326	0.74326	0.74402	0.74356	0.74371	0.74402	0.74326	0.74356	
0.74402	0.74387	0.74371	0.74356	0.74341	0.74463	0.74463	0.74478	0.74463	0.74554	
0.74509	0.74493	0.74509	0.74463	0.74509	0.74493	0.74493	0.74509	0.74524	0.74509	
0.74509	0.74478	0.74509	0.74493	0.74524	0.74677	0.74631	0.74631	0.74631	0.74631	
0.74631	0.74615	0.74600	0.74585	0.74631	0.74661	0.74615	0.74615	0.74631	0.74631	
0.74692	0.74631	0.74615	0.74631	0.74661	0.74631	0.74707	0.74615	0.74585	0.74631	
0.74585	0.74646	0.74615	0.74615	0.74677	0.74615	0.74661	0.74661	0.74600	0.74631	
0.74631	0.74677	0.74585	0.74631	0.74600	0.74615	0.74631	0.74600	0.74631	0.74631	
0.74600	0.74661	0.74615	0.74631	0.74615	0.74585	0.74631	0.74615	0.74600	0.74631	
0.74600	0.74631	0.74615	0.74615	0.74631	0.74646	0.74585	0.74615	0.74631	0.74600	
0.74615	0.74646	0.74631	0.74585	0.74600	0.74585	0.74646	0.74631	0.74661	0.74615	
0.74677	0.74615	0.74707	0.74768	0.74768	0.74753	0.74753	0.74799	0.74753	0.74753	
0.74783	0.74783	0.74783	0.74768	0.74738	0.74783	0.74768	0.74768	0.74768	0.74768	
0.74814	0.74783	0.74768	0.74768	0.74799	0.74783	0.74768	0.74738	0.74799	0.74722	
0.74753	0.74768	0.74753	0.74814	0.74768	0.74783	0.74738	0.74753	0.74753	0.74753	
0.74799	0.74783	0.74768	0.74753	0.74722	0.74783	0.74753	0.74799	0.74799	0.74768	
0.74753	0.74753	0.74753	0.74768	0.74722	0.74799	0.74753	0.74783	0.74753	0.74753	
0.74738	0.74768	0.74768	0.74753	0.74753	0.74753	0.74799	0.74783	0.74768	0.74783	
0.74783	0.74783	0.74768	0.74768	0.74753	0.74753	0.74738	0.74783	0.74738	0.74738	
0.74783	0.74753	0.74799	0.74738	0.74768	0.74768	0.74783	0.74768	0.74768	0.74753	
0.74783	0.74753	0.74783	0.74768	0.74753	0.74783	0.74753	0.74799	0.74753	0.74738	
0.74753	0.74753	0.74738	


Time: 69	1
0.74936	
0.74890	0.74905	0.74921	0.74936	0.74936	0.74890	0.74890	0.74921	0.74936	0.74905	
0.74936	0.74921	0.74890	0.74936	0.74890	0.74936	0.74936	0.74890	0.74905	0.74890	
0.74921	0.74936	0.74890	0.74890	0.74921	0.74890	0.74951	0.74875	0.74951	0.74890	
0.74890	0.74905	0.74875	0.74921	0.74875	0.74936	0.74936	0.74860	0.74951	0.74921	
0.74905	0.74921	0.74844	0.74921	0.74905	0.74951	0.75073	0.75012	0.75058	0.75012	
0.75058	0.74997	0.75027	0.75089	0.75027	0.75058	0.75073	0.75027	0.75027	0.74997	
0.75073	0.75027	0.74997	0.75058	0.75012	0.75195	0.75195	0.75165	0.75180	0.75195	
0.75180	0.75104	0.75150	0.75211	0.75104	0.75027	0.75043	0.75043	0.75043	0.75043	
0.75058	0.74997	0.75043	0.75043	0.74997	0.75058	0.75043	0.75058	0.75058	0.75058	
0.75058	0.75058	0.75012	0.75043	0.75134	0.75195	0.75180	0.75165	0.75150	0.75134	
0.75226	0.75165	0.75180	0.75165	0.75165	0.75211	0.75195	0.75195	0.75195	0.75195	
0.75180	0.75150	0.75180	0.75195	0.75180	0.75241	0.75211	0.75195	0.75180	0.75180	
0.75195	0.75226	0.75180	0.75150	0.75180	0.75211	0.75211	0.75180	0.75165	0.75180	
0.75211	0.75165	0.75195	0.75211	0.75272	0.75241	0.75180	0.75195	0.75226	0.75195	
0.75211	0.75180	0.75134	0.75211	0.75180	0.75195	0.75180	0.75195	0.75195	0.75180	
0.75180	0.75211	0.75195	0.75195	0.75195	0.75180	0.75150	0.75195	0.75165	0.75211	
0.75180	0.75150	0.75180	0.75180	0.75180	0.75211	0.75165	0.75211	0.75180	0.75226	
0.75180	0.75180	0.75180	0.75211	0.75180	0.75180	0.75211	0.75195	0.75150	0.75195	
0.75134	0.75180	0.75150	0.75134	0.75195	0.75165	0.75165	0.75180	0.75180	0.75195	
0.75211	0.75150	0.75226	0.75134	0.75226	0.75226	0.75165	0.75211	0.75165	0.75226	
0.75195	0.75226	0.75211	0.75180	0.75211	0.75180	0.75195	0.75195	0.75180	0.75165	
0.75211	0.75195	0.75195	0.75211	0.75180	0.75180	0.75226	0.75180	0.75180	0.75211	
0.75180	0.75195	0.75195	0.75195	0.75211	0.75165	0.75180	0.75165	0.75165	0.75150	
0.75180	0.75241	0.75180	0.75180	0.75211	0.75180	0.75226	0.75165	0.75226	0.75226	
0.75211	0.75241	0.75165	0.75195	0.75211	0.75195	0.75226	0.75180	0.75195	0.75195	
0.75195	0.75256	0.75180	0.75226	0.75211	0.75211	0.75226	0.75165	0.75195	0.75211	
0.75180	0.75226	0.75165	0.75226	0.75195	0.75180	0.75226	0.75180	0.75195	0.75195	
0.75195	0.75211	0.75195	0.75195	0.75180	0.75180	0.75195	0.75165	0.75211	0.75211	
0.75195	0.75180	0.75195	0.75211	0.75150	0.75195	0.75195	0.75165	0.75226	0.75180	
0.75180	0.75211	0.75211	0.75195	0.75195	0.75195	0.75195	0.75180	0.75195	0.75150	
0.75180	0.75195	0.75165	0.75241	0.75165	0.75211	0.75195	0.75180	0.75180	0.75165	
0.75211	0.75195	0.75180	0.75211	0.75180	0.75211	0.75180	0.75211	0.75180	0.75150	
0.75226	0.75165	0.75211	0.75180	0.75195	0.75195	0.75195	0.75348	0.75333	0.75302	
0.75378	0.75272	0.75333	0.75333	0.75272	0.75317	0.75317	0.75302	0.75333	0.75333	
0.75302	0.75302	0.75348	0.75302	0.75287	0.75302	0.75348	0.75333	0.75317	0.75333	
0.75302	0.75333	0.75348	0.75302	0.75333	0.75317	0.75363	0.75363	0.75317	0.75302	
0.75348	0.75348	0.75348	0.75317	0.75333	0.75424	0.75439	0.75516	0.75470	0.75455	
0.75455	0.75455	0.75470	0.75424	0.75470	0.75500	0.75439	0.75485	0.75439	0.75470	
0.75455	0.75485	0.75470	0.75455	0.75500	0.75485	0.75470	0.75500	0.75470	0.75500	
0.75470	0.75439	0.75500	0.75439	0.75470	0.75470	0.75424	0.75470	0.75485	0.75485	
0.75470	0.75485	0.75470	0.75439	0.75470	0.75439	0.75485	0.75455	0.75485	0.75455	
0.75455	0.75470	0.75485	0.75500	0.75470	0.75455	0.75424	0.75470	0.75485	0.75439	
0.75409	0.75470	0.75439	0.75439	0.75455	0.75485	0.75470	0.75439	0.75470	0.75470	
0.75424	0.75485	0.75424	0.75470	0.75485	0.75439	0.75485	0.75439	0.75485	0.75470	
0.75455	0.75485	0.75439	0.75470	0.75470	0.75439	0.75470	0.75439	0.75470	0.75394	
0.75409	0.75470	0.75455	0.75470	0.75470	0.75485	0.75485	0.75439	0.75485	0.75439	
0.75470	0.75439	0.75439	0.75470	0.75455	0.75455	0.75470	0.75439	0.75470	0.75439	
0.75439	0.75455	0.75455	0.75470	0.75455	0.75439	0.75455	0.75470	0.75455	0.75470	
0.75455	0.75455	0.75409	0.75485	0.75470	0.75500	0.75485	0.75455	0.75470	0.75439	
0.75455	0.75439	0.75516	0.75516	0.75439	0.75470	0.75424	0.75470	0.75500	0.75409	
0.75485	0.75455	0.75439	0.75470	0.75455	0.75439	0.75439	0.75485	0.75485	0.75439	
0.75439	0.75455	0.75470	0.75516	0.75470	0.75485	0.75470	0.75500	0.75455	0.75485	
0.75455	0.75485	0.75485	0.75455	0.75500	0.75439	0.75485	0.75470	0.75455	0.75455	
0.75455	0.75439	0.75455	0.75500	0.75470	0.75485	0.75455	0.75455	0.75485	0.75439	
0.75470	0.75500	0.75455	0.75500	0.75485	0.75439	0.75439	0.75470	0.75424	0.75455	
0.75470	0.75485	0.75500	0.75470	0.75455	0.75455	0.75439	0.75470	0.75470	0.75455	
0.75470	0.75455	0.75455	0.75485	0.75470	0.75424	0.75409	0.75485	0.75424	0.75455	
0.75500	0.75409	0.75485	0.75439	0.75455	0.75439	0.75439	0.75470	0.75439	0.75470	
0.75485	0.75424	0.75455	0.75439	0.75485	0.75485	0.75455	0.75500	0.75485	0.75455	
0.75455	0.75470	0.75439	0.75500	0.75470	0.75439	0.75455	0.75439	0.75439	0.75470	
0.75485	0.75439	0.75470	0.75439	0.75500	0.75500	0.75409	0.75455	0.75500	0.75485	
0.75485	0.75485	0.75470	0.75470	0.75470	0.75455	0.75485	0.75500	0.75485	0.75485	
0.75470	0.75455	0.75485	0.75485	0.75470	0.75470	0.75470	0.75470	0.75455	0.75516	
0.75439	0.75485	0.75485	0.75455	0.75516	0.75485	0.75516	0.75470	0.75516	0.75516	
0.75500	0.75500	0.75500	0.75516	0.75546	0.75516	0.75500	0.75470	0.75500	0.75500	
0.75485	0.75485	0.75455	0.75470	0.75500	0.75470	0.75470	0.75439	0.75455	0.75455	
0.75455	0.75455	0.75439	0.75455	0.75485	0.75455	0.75500	0.75470	0.75455	0.75500	
0.75424	0.75470	0.75439	0.75485	0.75485	0.75470	0.75470	0.75500	0.75470	0.75500	
0.75500	0.75516	0.75439	0.75470	0.75455	0.75455	0.75439	0.75439	0.75485	0.75439	
0.75455	0.75470	0.75470	0.75546	0.75439	0.75470	0.75455	0.75455	0.75516	0.75455	
0.75500	0.75439	0.75424	0.75500	0.75424	0.75470	0.75500	0.75424	0.75485	0.75409	
0.75470	0.75470	0.75424	0.75500	0.75439	0.75485	0.75439	0.75439	0.75455	0.75455	
0.75470	0.75485	0.75439	0.75485	0.75470	0.75485	0.75455	0.75455	0.75470	0.75424	
0.75485	0.75439	0.75470	0.75455	0.75424	0.75485	0.75470	0.75455	0.75470	0.75516	
0.75485	0.75455	0.75455	0.75485	0.75531	0.75470	0.75470	0.75439	0.75470	0.75485	
0.75485	0.75485	0.75439	0.75470	0.75455	0.75485	0.75470	0.75500	0.75439	0.75455	
0.75470	0.75439	0.75485	0.75470	0.75455	0.75470	0.75500	0.75485	0.75470	0.75485	
0.75500	0.75470	0.75516	0.75470	0.75455	0.75485	0.75455	0.75470	0.75439	0.75470	
0.75470	0.75485	0.75500	0.75439	0.75455	0.75455	0.75455	0.75470	0.75470	0.75439	
0.75485	0.75485	0.75455	0.75485	0.75455	0.75485	0.75424	0.75470	0.75439	0.75455	
0.75470	0.75455	0.75455	0.75455	0.75439	0.75485	0.75500	0.75485	0.75470	0.75455	
0.75455	0.75439	0.75470	0.75500	0.75455	0.75439	0.75455	0.75455	0.75439	0.75485	
0.75470	0.75485	0.75455	0.75439	0.75470	0.75439	0.75470	0.75424	0.75455	0.75485	
0.75455	0.75470	0.75485	0.75439	0.75500	0.75439	0.75500	0.75439	0.75424	0.75439	
0.75546	0.75607	0.75592	0.75592	0.75592	0.75592	0.75623	0.75577	0.75562	0.75607	
0.75562	0.75638	0.75607	0.75607	0.75623	0.75592	0.75607	0.75607	0.75592	0.75577	
0.75485	0.75485	0.75470	0.75455	0.75439	0.75470	0.75470	0.75470	0.75485	0.75531	
0.75623	0.75592	0.75546	0.75623	0.75546	0.75592	0.75607	0.75592	0.75592	0.75623	
0.75607	0.75623	0.75607	0.75577	0.75562	0.75562	0.75623	0.75577	0.75607	0.75562	
0.75638	0.75623	0.75607	0.75607	0.75577	0.75623	0.75607	0.75592	0.75623	0.75562	
0.75638	0.75623	0.75562	0.75607	0.75592	0.75607	0.75638	0.75562	0.75607	0.75562	
0.75592	0.75653	0.75562	0.75592	0.75577	0.75623	0.75638	0.75607	0.75638	0.75577	
0.75638	0.75577	0.75607	0.75607	0.75592	0.75607	0.75623	0.75577	0.75455	0.75500	
0.75455	0.75409	0.75455	0.75500	0.75516	0.75455	0.75439	0.75485	0.75455	0.75455	
0.75439	0.75455	0.75455	0.75439	0.75439	0.75485	0.75455	0.75607	0.75592	0.75607	
0.75577	0.75592	0.75623	0.75592	0.75577	0.75638	0.75592	0.75623	0.75592	0.75592	
0.75592	0.75592	0.75607	0.75592	0.75592	0.75623	0.75577	0.75592	0.75607	0.75592	
0.75607	0.75577	0.75607	0.75562	0.75607	0.75607	0.75424	0.75500	0.75424	0.75455	
0.75470	0.75439	0.75439	0.75455	0.75485	0.75500	0.75592	0.75623	0.75638	0.75592	
0.75607	0.75592	0.75638	0.75607	0.75592	0.75531	0.75485	0.75470	0.75485	0.75500	
0.75439	0.75500	0.75485	0.75470	0.75485	0.75455	0.75500	0.75470	0.75455	0.75439	
0.75470	0.75424	0.75470	0.75455	0.75455	0.75470	0.75470	0.75516	0.75470	0.75470	
0.75485	0.75470	0.75455	


Time: 69	1
0.75851	
0.75912	0.75851	0.75851	0.75897	0.75882	0.75928	0.75836	0.75897	0.75897	0.75882	
0.75912	0.75867	0.75897	0.75882	0.75897	0.75912	0.75912	0.75882	0.75882	0.75897	
0.75867	0.75882	0.75882	0.75882	0.75928	0.75851	0.75836	0.75897	0.75882	0.75882	
0.75897	0.75867	0.75897	0.75928	0.75867	0.75867	0.75851	0.75897	0.75851	0.75867	
0.75897	0.75867	0.76004	0.76004	0.76035	0.76050	0.76019	0.76050	0.76004	0.76050	
0.76019	0.75974	0.75897	0.75897	0.75882	0.75867	0.75897	0.75928	0.75867	0.75882	
0.75897	0.75912	0.75882	0.75882	0.75912	0.75867	0.75867	0.75897	0.75867	0.75958	
0.75897	0.75897	0.75928	0.75851	0.75928	0.75882	0.75882	0.75882	0.75867	0.75882	
0.75867	0.75867	0.75928	0.75882	0.75882	0.75867	0.75897	0.75867	0.75882	0.75882	
0.75897	0.75882	0.75882	0.75897	0.75912	0.75882	0.75912	0.75912	0.75867	0.75867	
0.75867	0.75867	0.75912	0.75882	0.75912	0.75882	0.75851	0.75867	0.75882	0.75836	
0.75897	0.75928	0.75897	0.75882	0.75897	0.75882	0.75867	0.75867	0.75851	0.75912	
0.75882	0.75912	0.75867	0.75897	0.75912	0.75912	0.75912	0.75867	0.75897	0.75882	
0.75882	0.75943	0.75867	0.75867	0.75867	0.75867	0.75928	0.75897	0.75897	0.75867	
0.75897	0.75851	0.75882	0.75897	0.75851	0.75882	0.75882	0.75851	0.75912	0.75897	
0.75912	0.75897	0.75882	0.75867	0.75897	0.75897	0.75897	0.75867	0.75867	0.75882	
0.75882	0.75897	0.75882	0.75897	0.75882	0.75897	0.75897	0.75928	0.75912	0.75912	
0.75897	0.75912	0.75882	0.75882	0.75821	0.75836	0.75928	0.75867	0.75867	0.75867	
0.75912	0.75851	0.75882	0.75912	0.75867	0.75912	0.75897	0.75897	0.75882	0.75836	
0.75928	0.75882	0.75851	0.75897	0.75867	0.75882	0.75897	0.75928	0.75882	0.75867	
0.75897	0.75851	0.75851	0.75912	0.75836	0.75928	0.75867	0.75897	0.75912	0.75897	
0.75851	0.75882	0.75897	0.75882	0.75882	0.75882	0.75897	0.75882	0.75836	0.75882	
0.75928	0.75882	0.75882	0.75897	0.75882	0.75882	0.75851	0.75867	0.75897	0.75867	
0.75882	0.75867	0.75867	0.75912	0.75897	0.75897	0.75897	0.75912	0.75897	0.75867	
0.75897	0.75882	0.75897	0.75897	0.75897	0.75867	0.75836	0.75897	0.75867	0.75867	
0.75897	0.75867	0.75897	0.75882	0.75882	0.75882	0.75867	0.75897	0.75882	0.75867	
0.75821	0.75851	0.75882	0.75882	0.75851	0.75882	0.75928	0.75882	0.75851	0.75928	
0.75867	0.75867	0.75882	0.75882	0.75897	0.75897	0.75928	0.75912	0.75851	0.75867	
0.75836	0.75912	0.75882	0.75912	0.75867	0.75851	0.75867	0.75851	0.75882	0.75897	
0.75867	0.75851	0.75867	0.75867	0.75851	0.75851	0.75882	0.75897	0.75882	0.75897	
0.75821	0.75851	0.75867	0.75897	0.75851	0.75882	0.75882	0.75851	0.75882	0.75912	
0.75882	0.75882	0.75882	0.75882	0.75867	0.75882	0.75912	0.75897	0.75867	0.75897	
0.75851	0.75928	0.75882	0.75882	0.75851	0.75851	0.75882	0.75867	0.75836	0.75851	
0.75882	0.75897	0.75882	0.75897	0.75928	0.75867	0.75851	0.75867	0.75882	0.75897	
0.75836	0.75867	0.75882	0.75851	0.75882	0.75912	0.75867	0.75882	0.75897	0.75897	
0.75912	0.75897	0.75897	0.75912	0.75851	0.75912	0.75912	0.75928	0.75836	0.75882	
0.75882	0.75867	0.75912	0.75897	0.75867	0.75912	0.75882	0.75912	0.75882	0.75882	
0.75897	0.75943	0.75867	0.75897	0.75836	0.75882	0.75912	0.75882	0.75912	0.75836	
0.75897	0.75897	0.75882	0.75943	0.75882	0.75897	0.75882	0.75882	0.75928	0.75851	
0.75882	0.75882	0.75867	0.75897	0.75867	0.75897	0.75912	0.75897	0.75928	0.75867	
0.75912	0.75867	0.75897	0.75882	0.75851	0.75897	0.75851	0.75867	0.75928	0.75882	
0.76019	0.75958	0.76004	0.76019	0.75989	0.76050	0.75989	0.76050	0.76080	0.76004	
0.76202	0.76141	0.76187	0.76172	0.76218	0.76141	0.76126	0.76141	0.76172	0.76157	
0.76157	0.76157	0.76157	0.76172	0.76172	0.76126	0.76157	0.76187	0.76157	0.76172	
0.76172	0.76126	0.76202	0.76172	0.76157	0.76141	0.76111	0.76187	0.76141	0.76157	
0.76141	0.76126	0.76202	0.76157	0.76187	0.76157	0.76111	0.76202	0.76141	0.76141	
0.76172	0.76172	0.76172	0.76157	0.76157	0.76141	0.76172	0.76172	0.76492	0.76584	
0.76584	0.76569	0.76614	0.76569	0.76569	0.76630	0.76569	0.76614	0.76569	0.76599	
0.76614	0.76569	0.76584	0.76630	0.76569	0.76569	0.76614	0.76584	0.76569	0.76599	
0.76584	0.76569	0.76584	0.76599	0.76584	0.76584	0.76569	0.76599	0.76584	0.76584	
0.76614	0.76599	0.76553	0.76599	0.76599	0.76569	0.76584	0.78278	0.78430	0.78445	
0.78415	0.78415	0.78369	0.78384	0.78415	0.78400	0.78415	0.78384	0.78430	0.78430	
0.78369	0.78384	0.78415	0.78415	0.78430	0.78400	0.79376	0.80093	0.80093	0.80109	
0.80109	0.80078	0.80063	0.80109	0.80109	0.80078	0.80826	0.80887	0.80948	0.80917	
0.80887	0.80933	0.80917	0.80933	0.80902	0.80917	0.81909	0.81909	0.81894	0.81863	
0.81894	0.81879	0.81863	0.81894	0.81879	0.82275	0.82886	0.82901	0.82932	0.82870	
0.82886	0.82870	0.82916	0.82855	0.82886	0.82886	0.82901	0.82886	0.82901	0.82886	
0.82932	0.82855	0.82870	0.82886	0.82855	0.85220	0.85236	0.85236	0.85266	0.85281	
0.85297	0.85266	0.85220	0.85266	0.85388	0.86517	0.86533	0.86472	0.86548	0.86487	
0.86548	0.86517	0.86487	0.86533	0.87448	0.87936	0.87906	0.87891	0.87906	0.87891	
0.87982	0.87875	0.87875	0.87891	0.89218	0.89340	0.89294	0.89294	0.89340	0.89294	
0.89325	0.89325	0.89294	0.89386	0.90714	0.90714	0.90683	0.90652	0.90714	0.90729	
0.90714	0.90683	0.90729	0.91660	0.92239	0.92239	0.92239	0.92239	0.92255	0.92209	
0.92209	0.92270	0.92255	0.93842	0.93948	0.93933	0.93887	0.93918	0.93903	0.93903	
0.93948	0.93887	0.94360	0.95322	0.95352	0.95291	0.95291	0.95322	0.95291	0.95306	
0.95337	0.95276	0.96115	0.96725	0.96710	0.96741	0.96695	0.96756	0.96664	0.96695	
0.96756	0.96664	0.97977	0.98206	0.98282	0.98251	0.98236	0.98206	0.98236	0.98221	
0.98236	0.98236	0.99960	0.99960	0.99869	0.99930	0.99930	0.99930	0.99945	0.99899	
0.99899	1.00403	1.01334	1.01334	1.01303	1.01303	1.01318	1.01349	1.01303	1.01288	
1.01318	1.02493	1.02753	1.02692	1.02722	1.02692	1.02676	1.02692	1.02676	1.02676	
1.02692	1.04034	1.04126	1.04095	1.04080	1.04080	1.04126	1.04080	1.04111	1.04095	
1.04263	1.05515	1.05515	1.05469	1.05530	1.05499	1.05530	1.05499	1.05484	1.05530	
1.06415	1.06949	1.06873	1.06857	1.06873	1.06903	1.06918	1.06873	1.06873	1.06903	
1.08337	1.08444	1.08383	1.08414	1.08444	1.08368	1.08429	1.08398	1.08429	1.08444	
1.09848	1.09879	1.09818	1.09863	1.09863	1.09833	1.09863	1.09802	1.09802	1.10535	
1.11099	1.11099	1.11084	1.11053	1.11099	1.11084	1.11084	1.11130	1.11038	1.12488	
1.12610	1.12595	1.12610	1.12595	1.12549	1.12625	1.12610	1.12625	1.12656	1.13693	
1.13739	1.13739	1.13724	1.13785	1.13754	1.13739	1.13724	1.13678	1.14334	1.15112	
1.15128	1.15158	1.15082	1.15128	1.15158	1.15143	1.15112	1.15143	1.16302	1.16531	
1.16501	1.16531	1.16516	1.16516	1.16516	1.16531	1.16501	1.16516	1.17920	1.17889	
1.17905	1.17935	1.17905	1.17950	1.17844	1.17905	1.17905	1.18301	1.19370	1.19308	
1.19324	1.19293	1.19339	1.19324	1.19263	1.19339	1.19324	1.20270	1.20743	1.20667	
1.20712	1.20667	1.20712	1.20697	1.20743	1.20712	1.20728	1.21948	1.21964	1.21964	
1.21933	1.21948	1.21933	1.21948	1.21994	1.21933	1.22131	1.23245	1.23245	1.23230	
1.23215	1.23230	1.23199	1.23230	1.23199	1.23245	1.24146	1.24634	1.24603	1.24603	
1.24649	1.24634	1.24664	1.24619	1.24634	1.24619	1.25900	1.26038	1.25977	1.26007	
1.26007	1.26038	1.26022	1.25961	1.25992	1.26038	1.27319	1.27289	1.27274	1.27258	
1.27304	1.27274	1.27304	1.27274	1.27243	1.28006	1.28662	1.28677	1.28677	1.28693	
1.28647	1.28677	1.28647	1.28662	1.28677	1.29776	1.29929	1.29898	1.29913	1.29913	
1.29913	1.29913	1.29944	1.29929	1.29929	1.31348	1.31302	1.31332	1.31317	1.31302	
1.31348	1.31302	1.31317	1.31348	1.31821	1.32767	1.32721	1.32706	1.32721	1.32721	
1.32675	1.32736	1.32767	1.32690	1.33881	1.34079	1.34155	1.34064	1.34094	1.34079	
1.34094	1.34140	1.34125	1.34094	1.35345	1.35391	1.35300	1.35345	1.35361	1.35315	
1.35315	1.35361	1.35361	1.35513	1.36642	1.36627	1.36627	1.36612	1.36612	1.36627	
1.36566	1.36627	1.36612	1.37726	1.38016	1.38000	1.38031	1.37955	1.38031	1.37985	
1.38000	1.38046	1.38000	1.39374	1.39359	1.39404	1.39359	1.39359	1.39374	1.39359	
1.39389	1.39404	1.39542	1.40854	1.40808	1.40808	1.40778	1.40793	1.40823	1.40762	
1.40778	1.40762	1.41449	1.42227	1.42166	1.42181	1.42212	1.42212	1.42227	1.42166	
1.42151	1.42212	1.43158	1.43326	1.43295	1.43265	1.43295	1.43311	1.43356	1.43250	
1.43280	1.43280	1.44516	1.44562	1.44562	1.44531	1.44516	1.44547	1.44547	1.44516	
1.44531	1.45569	1.45798	1.45828	1.45767	1.45782	1.45813	1.45813	1.45813	1.45782	
1.45813	1.46805	1.46790	1.46790	1.46774	1.46774	1.46790	1.46744	1.46790	1.46790	
1.46790	1.47079	1.47903	


Time: 75	1
1.54678	
1.54694	1.54648	1.54694	1.54648	1.54678	1.54678	1.54678	1.54678	1.54633	1.54724	
1.54648	1.54694	1.54663	1.54663	1.54694	1.54663	1.54663	1.54663	1.54709	1.54709	
1.54648	1.54739	1.54572	1.54526	1.54572	1.54526	1.54572	1.54526	1.54526	1.54541	
1.54526	1.54526	1.54526	1.54526	1.54587	1.54510	1.54572	1.54541	1.54526	1.54541	
1.54480	1.54556	1.54541	1.54510	1.54526	1.54526	1.54556	1.54510	1.54510	1.54572	
1.54541	1.54556	1.54648	1.54678	1.54678	1.54663	1.54663	1.54678	1.54663	1.54663	
1.54678	1.54648	1.54694	1.54678	1.54648	1.54694	1.54663	1.54648	1.54709	1.54663	
1.54678	1.54816	1.54800	1.54846	1.54800	1.54800	1.54846	1.54800	1.54831	1.54785	
1.54816	1.54816	1.54785	1.54846	1.54785	1.54816	1.54785	1.54800	1.54816	1.54800	
1.54816	1.54831	1.54785	1.54816	1.54770	1.54770	1.54831	1.54816	1.54800	1.54816	
1.54968	1.54922	1.54907	1.54953	1.54907	1.54968	1.54938	1.54968	1.54907	1.54922	
1.54984	1.54953	1.55029	1.54938	1.54999	1.54968	1.54938	1.54968	1.54938	1.54907	
1.54953	1.54953	1.54922	1.54968	1.54968	1.54984	1.54922	1.54953	1.54938	1.54938	
1.54938	1.54938	1.54953	1.54922	1.54938	1.54907	1.54907	1.54907	1.54938	1.54953	
1.54953	1.54953	1.54922	1.54968	1.54953	1.54953	1.54953	1.54922	1.55014	1.55060	
1.55106	1.55075	1.55075	1.55106	1.55075	1.55106	1.55045	1.55121	1.55090	1.55136	
1.55121	1.55060	1.55106	1.55060	1.55060	1.55090	1.55075	1.55075	1.55090	1.55136	
1.55090	1.55090	1.55106	1.55090	1.55075	1.55090	1.55121	1.55121	1.55090	1.55106	
1.55106	1.55090	1.55075	1.55151	1.55090	1.55121	1.55075	1.55136	1.55106	1.55090	
1.55121	1.55060	1.55060	1.55136	1.55121	1.55121	1.55106	1.55060	1.55151	1.55121	
1.55106	1.55090	1.55121	1.55075	1.55090	1.55075	1.55136	1.55258	1.55197	1.55243	
1.55243	1.55243	1.55289	1.55243	1.55228	1.55212	1.55228	1.55258	1.55228	1.55228	
1.55212	1.55258	1.55243	1.55228	1.55228	1.55212	1.55258	1.55212	1.55228	1.55273	
1.55228	1.55258	1.55212	1.55182	1.55212	1.55212	1.55212	1.55258	1.55212	1.55228	
1.55212	1.55243	1.55243	1.55228	1.55273	1.55243	1.55243	1.55243	1.55228	1.55258	
1.55228	1.55258	1.55228	1.55197	1.55228	1.55380	1.55380	1.55334	1.55350	1.55396	
1.55396	1.55411	1.55380	1.55411	1.55396	1.55334	1.55441	1.55411	1.55380	1.55380	
1.55411	1.55380	1.55365	1.55411	1.55365	1.55380	1.55380	1.55365	1.55380	1.55350	
1.55380	1.55396	1.55411	1.55426	1.55380	1.55396	1.55396	1.55380	1.55380	1.55396	
1.55380	1.55441	1.55396	1.55411	1.55548	1.55533	1.55533	1.55533	1.55563	1.55548	
1.55533	1.55548	1.55487	1.55518	1.55502	1.55518	1.55518	1.55502	1.55548	1.55518	
1.55533	1.55563	1.55518	1.55533	1.55502	1.55502	1.55518	1.55502	1.55579	1.55518	
1.55518	1.55533	1.55502	1.55518	1.55533	1.55518	1.55518	1.55548	1.55548	1.55548	
1.55533	1.55533	1.55609	1.55685	1.55685	1.55640	1.55670	1.55655	1.55655	1.55640	
1.55685	1.55655	1.55670	1.55624	1.55640	1.55685	1.55609	1.55640	1.55685	1.55624	
1.55655	1.55594	1.55670	1.55640	1.55640	1.55670	1.55685	1.55655	1.55655	1.55655	
1.55685	1.55655	1.55655	1.55670	1.55670	1.55655	1.55640	1.55701	1.55609	1.55655	
1.55655	1.55609	1.55640	1.55640	1.55670	1.55670	1.55624	1.55655	1.55624	1.55670	
1.55670	1.55655	1.55670	1.55624	1.55685	1.55640	1.55609	1.55670	1.55624	1.55655	
1.55655	1.55640	1.55685	1.55716	1.55640	1.55624	1.55670	1.55640	1.55640	1.55655	
1.55655	1.55670	1.55670	1.55640	1.55609	1.55655	1.55701	1.55670	1.55640	1.55685	
1.55777	1.55823	1.55807	1.55792	1.55884	1.55762	1.55807	1.55838	1.55777	1.55838	
1.55777	1.55807	1.55853	1.55792	1.55807	1.55823	1.55792	1.55838	1.55777	1.55838	
1.55777	1.55807	1.55777	1.55807	1.55792	1.55807	1.55807	1.55838	1.55807	1.55930	
1.55914	1.55991	1.55914	1.55914	1.55914	1.55930	1.55884	1.55899	1.55930	1.55823	
1.55777	1.55792	1.55792	1.55823	1.55777	1.55762	1.55823	1.55792	1.55777	1.55807	
1.55807	1.55762	1.55777	1.55777	1.55807	1.55807	1.55792	1.55823	1.55670	1.55655	
1.55655	1.55640	1.55640	1.55655	1.55655	1.55624	1.55670	1.55624	1.55807	1.55807	
1.55792	1.55777	1.55807	1.55838	1.55762	1.55762	1.55777	1.55762	1.55777	1.55853	
1.55762	1.55777	1.55823	1.55807	1.55792	1.55792	1.55792	1.55838	1.55930	1.55930	
1.55884	1.55930	1.55914	1.55991	1.55914	1.55884	1.55914	1.55914	1.55945	1.55914	
1.55945	1.55975	1.55930	1.55960	1.55930	1.55975	1.55930	1.55945	1.55945	1.55869	
1.55930	1.55930	1.55930	1.55914	1.55914	1.55914	1.55807	1.55746	1.55792	1.55762	
1.55777	1.55792	1.55823	1.55792	1.55792	1.55777	1.55914	1.55899	1.55945	1.55914	
1.55945	1.55930	1.55930	1.55960	1.55884	1.55930	1.55914	1.55930	1.55975	1.55914	
1.55930	1.55914	1.55930	1.55945	1.55930	1.55884	1.55899	1.55960	1.55914	1.55930	
1.55914	1.55884	1.55945	1.55945	1.55914	1.55960	1.55914	1.55945	1.55930	1.55945	
1.55945	1.55899	1.55991	1.55960	1.55914	1.55960	1.55930	1.55930	1.55914	1.55945	
1.55930	1.55899	1.55914	1.55960	1.55914	1.55975	1.55914	1.55930	1.55945	1.55930	
1.55945	1.55899	1.55930	1.55945	1.55945	1.55930	1.55945	1.55914	1.55914	1.55914	
1.55930	1.55914	1.55914	1.55945	1.55945	1.55960	1.55930	1.55930	1.55899	1.55930	
1.55869	1.55899	1.55914	1.55914	1.55960	1.55930	1.55991	1.55975	1.55930	1.55945	
1.55899	1.55930	1.55930	1.55899	1.55960	1.55975	1.55930	1.55930	1.55914	1.55930	
1.55930	1.55930	1.55930	1.55945	1.55960	1.55945	1.55930	1.55945	1.55930	1.55914	
1.55914	1.55914	1.55899	1.55975	1.55975	1.55914	1.55960	1.55930	1.55945	1.55945	
1.55930	1.55975	1.55899	1.55930	1.55914	1.55945	1.55884	1.55930	1.55930	1.55930	
1.55914	1.55930	1.55930	1.55914	1.55930	1.55945	1.55945	1.55884	1.55914	1.55930	
1.55930	1.55930	1.55914	1.55991	1.55930	1.55914	1.55914	1.55945	1.55899	1.55930	
1.55960	1.55853	1.55746	1.55823	1.55807	1.55762	1.55807	1.55807	1.55807	1.55792	
1.55807	1.55777	1.55807	1.55853	1.55823	1.55792	1.55823	1.55792	1.55762	1.55838	
1.55838	1.55960	1.55975	1.55960	1.55945	1.55960	1.55899	1.55914	1.55914	1.55945	
1.55930	1.55930	1.55960	1.55914	1.55930	1.55930	1.55975	1.55975	1.55914	1.55975	
1.55945	1.55869	1.55975	1.55884	1.55945	1.55930	1.55930	1.55914	1.55914	1.55930	
1.55945	1.55975	1.55945	1.55945	1.55914	1.55945	1.55914	1.55930	1.55884	1.55914	
1.55807	1.55792	1.55807	1.55792	1.55777	1.55838	1.55762	1.55762	1.55823	1.55869	
1.55914	1.55930	1.55945	1.55975	1.55930	1.55960	1.55930	1.55930	1.55914	1.55792	
1.55853	1.55792	1.55792	1.55853	1.55792	1.55807	1.55823	1.55807	1.55807	1.55746	
1.55853	1.55792	1.55807	1.55777	1.55807	1.55807	1.55807	1.55807	1.55792	1.55762	
1.55807	1.55777	1.55792	1.55746	1.55792	1.55792	1.55777	1.55792	1.55823	1.55807	
1.55807	1.55792	1.55792	1.55792	1.55777	1.55823	1.55777	1.55807	1.55899	1.55960	
1.55945	1.55914	1.55960	1.55930	1.55914	1.55960	1.55930	1.55914	1.55884	1.55930	
1.55914	1.55930	1.55945	1.55930	1.55899	1.55975	1.55945	1.56021	1.55914	1.55991	
1.55960	1.55945	1.55914	1.55884	1.55960	1.55930	1.55930	1.55930	1.55899	1.55945	
1.55914	1.55975	1.55945	1.55869	1.55960	1.55945	1.55960	1.55914	1.55899	1.55945	
1.55899	1.55914	1.55945	1.55945	1.55930	1.55914	1.55960	1.55899	1.55960	1.55960	
1.55930	1.55930	1.55975	1.55945	1.55960	1.55899	1.55807	1.55716	1.55792	1.55777	
1.55792	1.55777	1.55792	1.55777	1.55792	1.55792	1.55807	1.55823	1.55792	1.55777	
1.55792	1.55823	1.55746	1.55777	1.55823	1.55792	1.55807	1.55762	1.55807	1.55792	
1.55807	1.55807	1.55792	1.55777	1.55792	1.55914	1.55930	1.55930	1.55930	1.55960	
1.55899	1.55930	1.55930	1.55975	1.55930	1.55914	1.55930	1.55899	1.55930	1.55960	
1.55960	1.55914	1.55899	1.55945	1.55899	1.55884	1.55930	1.55914	1.55930	1.55945	
1.55945	1.55930	1.55914	1.55914	1.55914	1.55945	1.55945	1.55914	1.55945	1.55914	
1.55945	1.55899	1.55914	1.55945	1.55945	1.55930	1.55945	1.55899	1.55884	1.55960	
1.55914	1.55975	1.55899	1.55914	1.55930	1.55930	1.55930	1.55960	1.55899	1.55945	
1.55945	1.55914	1.55914	1.55960	1.55914	1.55930	1.55945	1.55899	1.55960	1.55930	
1.55975	1.55899	1.55899	1.55945	1.55930	1.55960	1.55899	1.55930	1.55869	1.55899	
1.55930	1.55914	1.55930	1.55914	1.55945	1.55945	1.55884	1.55914	1.55991	1.55914	
1.55945	1.55930	1.55899	1.55960	1.55930	1.55960	1.55899	1.55930	1.55945	1.55914	
1.55914	1.55914	1.55945	1.55930	1.55945	1.55945	1.55930	1.55945	1.55945	1.55914	
1.55914	1.55914	1.55930	1.55945	1.55930	1.55930	1.55914	1.55930	1.55945	1.55945	
1.55930	1.55914	1.55914	1.55960	1.55914	1.55914	1.55975	1.55899	1.55884	1.55960	
1.55960	1.55945	1.55930	1.55930	1.55945	1.55914	1.55960	1.55930	1.55930	1.55960	
1.55914	1.55930	1.56006	


